28;19.23
57;21.2
45;27.98
59;29.07
62;22.28
64;27.29
61;27.05
15;29.81
23;22.14
55;19.01
48;19.84
18;20.83
31;19.88
70;23.38
45;22.84
62;21.0
74;26.92
8;19.6
68;28.84
29;27.33
35;24.47
46;28.04
36;23.4
32;26.7
38;18.75
77;24.11
21;24.25
47;23.79
61;28.49
51;23.1
34;18.66
18;19.85
20;27.51
57;26.74
52;28.61
8;25.36
48;28.34
79;25.5
76;24.58
41;29.76
16;22.86
29;29.13
20;25.23
52;29.72
41;18.66
70;23.51
79;23.52
42;25.75
16;22.25
79;20.55
32;23.81
16;23.82
37;28.65
35;26.45
67;21.1
19;26.4
76;29.61
51;25.17
73;20.85
20;20.3
59;23.75
29;21.51
8;23.49
10;21.94
54;27.44
55;28.43
33;19.79
13;21.32
15;20.46
72;19.49
13;29.49
74;26.45
40;20.66
39;19.18
76;29.99
76;20.01
65;26.86
63;26.5
44;28.03
71;19.32
17;26.05
72;28.93
63;25.25
79;28.52
74;22.13
62;24.27
50;27.6
73;18.82
20;27.92
48;19.64
62;25.8
10;20.86
38;22.43
36;19.46
25;27.87
11;29.8
11;24.24
61;19.35
50;23.55
46;26.06
53;22.46
47;23.31
73;23.87
43;28.61
10;22.71
19;29.86
24;19.64
55;24.12
29;27.08
8;26.07
35;20.11
22;22.0
75;24.82
34;27.8
55;27.55
48;19.6
42;28.68
9;24.98
17;23.14
27;29.68
72;26.77
55;25.04
59;21.49
55;27.4
55;21.93
11;20.46
53;26.49
31;23.32
58;27.53
46;22.41
72;25.85
16;25.41
30;25.66
53;29.59
9;27.26
25;29.8
8;19.3
19;23.61
62;22.98
12;19.73
77;25.37
52;23.41
40;29.25
20;21.35
50;28.39
74;26.93
80;20.1
55;28.05
73;20.09
18;26.54
58;20.24
68;20.73
9;21.51
80;29.92
77;29.99
50;27.05
28;27.58
19;24.13
28;25.78
76;24.28
15;24.52
71;20.55
60;29.05
9;29.34
76;28.32
73;27.27
71;25.68
64;29.99
62;25.92
74;24.29
60;19.31
58;19.09
63;24.36
61;29.54
68;28.87
70;28.6
19;22.09
79;20.86
43;28.65
77;20.61
24;21.41
59;21.92
16;26.19
33;20.34
44;21.38
64;23.26
65;22.32
19;26.06
78;26.16
24;22.69
9;24.93
29;27.28
51;22.09
45;27.82
79;25.6
10;20.74
14;27.63
72;22.25
29;26.03
38;21.4
15;27.92
67;21.82
48;29.0
19;28.84
63;23.75
68;22.87
73;22.37
40;25.36
20;22.96
18;24.38
80;20.69
44;24.71
32;27.87
67;28.21
69;29.99
13;25.47
61;19.62
49;21.8
8;19.02
69;22.64
72;23.63
59;29.78
62;19.35
42;26.0
50;20.84
67;21.09
14;23.65
41;22.97
15;24.94
22;20.32
10;26.04
78;23.77
51;27.23
52;28.34
29;28.94
29;22.65
38;22.83
25;29.76
24;23.82
71;19.61
37;20.01
31;29.25
30;25.0
41;21.37
24;29.46
72;25.02
54;27.84
22;29.71
62;25.3
55;27.81
63;24.97
17;23.76
33;29.56
37;25.14
75;20.57
59;26.26
33;21.4
71;29.06
31;23.39
65;27.17
9;27.82
36;25.28
26;23.39
80;18.97
35;29.43
52;22.03
61;19.01
48;24.85
31;28.67
66;29.49
45;25.96
62;20.02
76;25.42
33;25.96
54;23.21
27;25.63
56;24.37
14;28.46
34;24.22
62;24.04
60;22.55
37;24.06
9;24.81
48;22.62
40;27.34
77;22.68
54;23.37
8;27.38
20;27.58
55;18.92
10;22.84
68;23.05
59;20.92
21;29.89
23;23.65
35;26.41
50;26.05
26;21.4
58;23.77
77;21.65
79;25.97
66;25.4
55;23.41
72;19.7
68;20.53
64;22.04
26;29.45
17;26.18
42;19.86
31;26.06
49;29.98
75;21.57
20;22.59
31;22.02
61;22.0
38;29.15
15;20.88
70;26.5
57;29.22
77;25.71
33;28.22
32;23.9
52;20.82
22;19.22
62;20.09
53;20.85
49;22.92
10;29.52
50;20.35
8;25.59
27;28.11
21;29.38
51;24.02
66;25.66
78;24.91
8;19.87
60;29.32
78;19.79
52;18.69
44;28.99
77;25.42
16;20.62
69;29.15
8;22.35
46;18.94
11;22.29
59;29.14
22;18.77
17;27.8
28;28.3
24;26.64
73;19.19
80;27.51
49;25.93
70;25.83
19;23.5
75;18.8
28;25.97
29;29.48
34;29.28
17;23.16
59;29.72
70;19.69
44;29.48
55;22.16
51;27.59
38;20.75
8;23.48
17;27.98
67;26.17
31;24.18
76;29.1
12;21.43
29;27.15
19;24.0
39;26.46
30;27.29
35;26.55
73;24.76
50;19.88
49;21.63
44;29.89
19;26.18
10;22.2
12;29.26
32;27.19
16;21.98
32;24.02
15;22.57
27;26.97
10;29.86
59;23.03
36;23.94
38;19.03
62;22.1
16;19.98
46;22.66
78;23.55
76;27.37
67;21.62
62;26.98
68;29.8
51;23.85
69;20.15
58;25.15
42;26.19
64;25.94
60;27.43
80;27.34
62;20.13
26;22.72
78;26.88
50;29.67
61;20.89
53;28.86
18;23.09
58;28.79
16;22.22
24;28.92
47;20.15
33;22.38
41;21.71
67;19.2
77;29.35
40;23.41
10;27.32
64;26.69
48;27.31
34;27.92
14;27.31
63;24.14
57;20.56
32;24.03
49;27.32
78;25.52
58;21.93
51;23.35
50;26.15
10;20.68
15;19.97
14;23.44
36;24.6
31;28.82
79;27.39
25;21.64
54;27.51
15;22.97
51;27.43
50;27.79
46;23.7
31;26.89
46;20.78
55;25.39
12;21.98
24;27.08
28;23.34
50;23.94
72;22.53
62;19.41
52;27.81
16;20.08
35;21.42
16;19.09
23;22.87
77;23.52
31;22.86
54;28.55
18;19.76
32;19.59
67;23.51
11;21.1
27;21.17
69;21.83
76;25.23
37;19.2
50;20.63
41;26.18
58;18.63
47;27.26
79;19.96
48;28.97
32;20.89
71;25.09
43;26.82
39;23.02
19;21.26
41;19.24
33;26.17
57;20.82
69;22.95
26;28.76
20;27.91
42;28.17
54;18.6
32;23.61
29;19.73
42;21.01
54;26.21
35;24.22
76;28.3
71;22.66
29;26.58
14;29.09
70;20.66
79;22.65
76;24.24
27;19.36
66;28.33
25;29.28
17;26.9
26;27.12
47;29.98
78;22.5
38;22.99
70;18.99
14;21.81
58;28.52
57;21.27
70;26.76
11;28.77
67;19.8
62;18.83
27;26.78
70;21.83
36;24.7
36;27.04
62;24.26
29;27.76
26;19.43
33;20.79
9;26.8
26;28.36
28;21.8
20;28.04
23;21.92
36;23.43
51;22.79
65;23.77
45;26.47
57;28.73
14;29.4
38;23.42
78;25.27
78;23.03
43;18.59
74;28.65
37;19.86
35;24.49
37;28.32
41;23.84
28;24.4
26;26.03
43;24.62
50;20.41
13;22.31
30;21.99
74;20.57
64;28.48
75;24.18
37;29.08
46;22.15
74;22.4
63;24.17
37;26.19
37;25.05
9;28.77
14;26.43
77;18.84
41;29.33
15;25.59
42;27.23
67;27.34
43;22.92
20;28.61
77;22.53
70;22.37
38;22.21
51;20.53
43;27.85
39;26.12
76;23.37
53;20.28
78;29.1
57;22.74
16;19.13
54;18.97
52;28.35
13;24.61
16;28.31
19;27.02
73;19.61
19;27.49
61;29.96
25;19.48
29;25.8
15;20.02
71;21.38
32;24.69
42;28.02
79;19.7
47;23.77
79;19.58
59;19.44
33;22.94
16;21.48
51;20.3
25;21.16
46;18.95
80;29.94
31;20.05
67;21.89
48;21.23
38;20.93
59;25.56
36;21.95
27;28.3
68;22.04
15;20.22
28;27.56
26;22.09
57;28.97
35;29.77
25;22.74
48;21.16
48;29.04
73;27.22
32;25.94
9;26.47
29;20.54
57;26.62
46;28.98
47;25.24
61;21.45
33;21.55
38;27.63
67;29.27
18;21.48
15;21.69
32;26.24
46;25.66
64;18.58
31;20.02
68;24.54
69;28.05
23;25.55
42;25.28
26;21.07
11;24.17
28;19.69
79;23.99
31;24.13
54;18.83
64;24.49
33;27.66
79;24.31
39;25.02
40;23.29
72;26.54
12;26.78
45;26.12
45;26.19
53;22.74
70;29.69
11;19.37
73;25.51
21;27.06
29;28.56
73;27.72
54;23.49
45;24.31
17;28.66
70;28.28
52;22.89
33;24.29
11;29.74
29;25.42
24;18.5
42;29.85
28;27.11
66;28.09
54;27.12
65;27.03
53;18.58
57;21.22
15;18.61
31;18.59
23;21.98
63;23.08
32;29.37
72;25.2
41;25.86
25;18.63
29;21.57
17;25.36
18;28.95
52;19.14
52;22.06
28;24.36
41;25.98
57;25.68
72;23.58
76;28.41
37;28.45
17;27.04
36;25.27
16;26.04
35;20.3
78;20.94
77;29.83
15;22.95
44;18.68
10;23.76
13;18.9
41;19.0
55;23.09
57;19.67
53;21.38
40;28.44
14;26.06
71;26.77
9;22.47
70;21.76
66;18.66
33;26.22
55;25.23
62;21.67
37;21.76
14;19.95
52;20.14
47;19.0
77;23.94
25;22.3
8;19.79
36;20.83
54;24.35
27;26.01
17;27.18
33;23.19
57;22.74
48;28.29
39;25.73
71;21.5
29;28.4
63;21.09
66;20.79
55;28.91
27;26.09
30;27.08
47;22.89
34;29.33
15;28.32
43;28.72
41;25.5
49;24.05
77;28.78
50;19.34
54;25.97
16;19.97
12;24.93
34;29.6
11;27.0
33;21.91
10;26.31
12;27.77
57;19.42
53;25.12
21;26.76
53;24.95
26;27.68
77;26.7
16;24.79
26;18.87
23;19.97
45;28.18
19;18.94
27;20.97
75;25.71
61;24.09
60;29.25
50;18.6
19;23.24
48;28.08
62;21.65
30;24.71
54;19.33
32;26.0
70;18.56
41;19.89
58;24.45
57;23.92
52;22.35
11;26.69
19;23.71
25;23.31
26;28.99
31;28.48
63;29.34
63;22.24
79;29.7
72;26.6
18;18.72
38;18.51
16;23.34
43;19.59
79;18.66
58;28.06
66;18.92
50;28.23
55;24.42
69;24.17
45;19.61
9;21.44
26;25.96
67;28.63
62;20.99
8;20.18
73;28.72
69;29.03
17;25.33
69;29.05
24;24.52
78;28.55
38;26.61
36;26.21
41;23.57
41;28.55
37;27.58
43;23.33
49;18.51
64;22.03
57;21.76
14;21.57
72;27.67
60;20.51
48;21.2
8;25.14
49;22.09
66;21.7
37;26.2
70;29.14
62;29.01
23;26.99
76;29.01
12;18.54
47;18.61
9;20.89
55;23.94
24;28.09
23;24.55
14;29.37
15;22.36
36;25.64
12;18.63
35;22.67
15;27.14
38;21.02
79;27.07
11;26.23
24;21.92
15;24.26
15;28.81
65;27.05
61;19.15
67;28.81
53;20.73
50;29.99
78;20.82
60;21.15
78;23.63
45;28.16
38;25.15
29;22.4
72;24.69
8;26.43
74;28.23
66;19.17
59;26.42
49;26.66
79;26.28
12;19.5
77;22.06
54;25.17
72;19.94
76;21.47
52;23.06
20;21.43
22;19.34
61;19.74
65;27.5
72;29.11
28;24.13
61;28.65
37;21.13
68;20.22
18;28.46
36;23.38
26;28.15
77;22.57
69;25.45
52;21.66
35;29.17
44;19.49
42;19.86
36;27.28
41;19.55
63;26.63
24;23.96
34;18.76
70;28.93
13;21.58
56;24.62
42;22.2
39;25.34
77;23.77
70;18.56
25;21.12
73;27.04
51;22.48
9;24.82
40;21.82
30;20.87
71;29.64
13;29.89
11;27.17
48;21.2
13;24.75
44;29.1
77;27.9
49;19.84
31;26.64
71;20.4
31;22.65
56;19.6
20;29.08
65;26.23
68;20.11
77;25.19
66;25.53
49;24.36
79;22.69
44;27.38
10;20.31
63;28.0
19;23.99
59;24.21
17;21.08
62;25.6
37;19.68
65;22.7
51;28.67
38;20.8
16;29.61
56;24.48
54;27.64
76;28.63
26;22.99
77;29.81
21;22.88
36;21.93
38;27.99
69;20.81
53;23.28
43;18.89
61;22.24
25;22.32
19;24.28
59;19.99
50;23.66
60;21.16
79;20.45
71;20.22
48;28.82
43;22.0
10;19.72
54;26.95
15;21.06
32;25.77
40;28.73
13;24.17
75;24.88
26;23.56
68;18.54
47;26.05
63;24.65
78;22.13
76;24.22
43;21.4
60;26.92
20;23.17
29;19.48
10;28.46
75;22.52
39;28.71
80;23.31
66;21.13
77;22.28
75;23.35
16;20.3
57;21.0
27;24.77
38;24.95
46;24.11
35;21.36
51;26.46
80;23.52
35;25.76
77;22.42
36;29.09
79;26.36
47;26.41
45;26.44
23;29.89
71;20.12
23;24.56
15;24.51
36;21.42
63;22.18
37;25.02
27;19.36
44;26.51
77;20.29
49;19.28
56;20.39
26;23.56
57;26.75
55;24.65
66;25.77
32;27.69
28;23.41
54;20.64
20;23.17
32;26.78
43;19.74
12;27.98
22;25.88
66;24.1
77;24.78
29;27.62
56;20.58
71;28.05
21;25.1
51;29.68
55;22.54
45;24.02
34;27.03
16;19.81
62;24.98
10;22.71
23;28.69
69;25.96
80;29.94
49;26.93
25;23.53
44;21.82
24;27.82
19;27.39
14;25.32
9;29.88
23;28.96
13;25.82
29;22.34
57;24.77
50;19.31
23;28.01
36;19.67
76;19.71
32;21.81
28;19.89
26;29.05
45;24.75
68;22.12
44;27.23
29;21.15
56;24.6
36;18.89
14;27.09
51;22.36
29;29.83
39;26.12
29;20.3
22;23.36
67;21.37
68;19.65
73;27.86
19;23.74
72;23.73
47;19.9
58;21.03
67;24.29
41;23.56
68;21.58
80;24.67
24;22.02
69;29.75
63;23.45
47;28.14
16;20.17
80;23.01
19;19.63
36;21.64
10;20.38
15;24.53
9;22.96
9;25.28
79;23.92
28;18.65
24;22.74
58;27.98
37;28.69
28;23.0
19;25.68
77;28.69
41;27.85
63;21.53
20;20.06
31;23.12
23;27.41
65;19.72
9;19.47
56;23.95
73;25.61
69;26.81
49;20.41
31;23.47
9;20.38
77;19.06
16;25.78
8;23.21
35;29.1
15;24.78
11;27.85
57;24.66
67;26.53
64;20.02
42;26.22
36;22.53
61;20.96
11;23.79
19;28.13
29;29.05
31;22.07
72;20.68
12;27.0
43;22.54
46;25.09
75;24.75
47;25.3
28;27.39
47;27.68
12;25.13
25;23.64
69;21.02
79;26.65
67;19.78
65;21.96
62;26.38
17;28.54
31;25.04
58;21.56
27;19.4
12;18.96
44;23.05
33;23.99
54;23.66
18;21.5
19;29.3
39;26.26
21;26.07
31;19.57
31;24.1
48;20.65
18;23.29
21;29.56
49;21.84
52;21.78
69;23.83
66;29.28
20;21.85
46;29.82
24;26.16
29;21.7
13;29.85
48;24.29
61;20.05
56;26.55
36;23.28
50;20.64
35;29.86
12;20.51
76;28.75
63;23.95
67;20.78
63;28.01
47;27.13
59;26.33
27;21.3
11;22.63
15;27.43
53;26.43
52;24.27
33;22.69
17;26.29
67;20.56
18;26.95
16;27.29
17;20.15
75;27.67
58;24.79
40;28.95
9;28.03
12;27.88
75;22.04
15;20.71
37;29.92
47;22.47
62;20.76
24;27.21
32;24.42
72;24.56
54;23.18
9;19.03
32;29.03
38;20.46
9;27.3
25;18.52
75;28.2
57;27.48
14;23.54
34;27.84
80;25.77
39;25.07
26;21.68
41;22.22
70;25.3
53;27.84
46;19.88
31;24.83
66;24.02
15;18.68
71;24.59
64;27.57
17;22.67
25;23.89
33;27.22
76;26.94
8;22.04
63;19.25
25;23.44
54;26.65
53;25.33
52;29.58
70;29.79
14;29.36
50;29.75
49;28.2
75;24.34
39;26.79
43;22.24
80;29.42
74;23.61
33;28.0
13;28.66
44;23.16
57;27.92
56;23.38
72;27.22
27;19.32
9;26.36
52;25.51
59;24.48
41;22.96
54;29.18
36;27.1
31;23.89
22;27.41
43;26.63
14;26.51
10;29.32
23;18.63
35;24.49
55;23.59
50;21.61
73;26.51
61;25.81
51;25.29
35;21.54
9;23.31
67;18.72
55;26.34
10;19.51
24;25.47
31;28.69
47;24.75
16;27.44
12;25.58
36;25.19
31;29.36
9;26.48
17;25.37
26;29.87
73;20.31
69;26.31
18;29.49
37;21.2
21;24.97
23;19.13
68;23.38
24;28.12
80;28.89
54;20.39
12;22.8
70;20.65
16;20.33
29;19.51
28;19.66
68;20.16
30;23.88
76;19.02
64;25.57
48;23.61
64;26.36
49;21.21
38;22.82
49;25.89
80;26.61
28;25.65
41;29.64
59;24.58
64;27.1
51;26.87
78;25.56
55;26.17
35;25.07
12;26.5
77;23.6
37;24.79
23;25.08
15;22.02
49;24.42
32;19.93
52;21.04
24;23.58
18;23.25
61;24.68
40;19.53
21;26.62
29;26.18
46;22.65
46;24.3
60;26.63
80;28.46
15;27.15
18;21.57
79;18.95
27;20.63
52;22.87
14;27.49
50;28.16
46;20.53
30;26.19
66;19.34
44;27.76
39;18.87
28;27.28
43;19.09
23;26.86
65;20.03
22;26.77
10;18.94
49;25.67
31;29.84
28;27.25
51;20.36
62;27.09
42;25.79
21;26.2
72;23.38
25;23.48
45;20.06
51;18.95
40;24.21
73;25.22
25;19.94
72;26.34
63;24.45
45;24.75
58;21.27
26;20.56
65;28.15
47;24.44
16;22.09
26;26.98
41;25.96
39;22.71
38;21.29
19;25.83
9;28.1
22;29.45
60;24.42
33;23.47
31;21.24
49;26.71
37;22.51
72;20.25
30;24.76
29;29.16
67;22.62
8;29.76
46;22.44
60;19.23
74;24.36
57;19.57
27;25.24
8;27.87
25;23.35
69;22.91
15;22.44
49;19.0
38;18.77
46;19.94
10;23.86
36;20.15
13;25.57
15;21.65
72;27.43
40;20.37
50;28.07
16;22.29
15;29.05
67;26.48
62;20.35
50;28.36
30;19.06
39;28.37
72;28.82
52;28.09
69;24.85
78;26.17
19;23.3
13;21.35
56;22.83
49;24.75
31;27.68
61;28.86
50;27.1
31;27.38
24;24.36
40;18.68
19;20.75
47;23.48
27;20.81
61;22.72
8;24.77
65;25.13
71;27.04
57;26.25
74;26.19
25;21.99
21;25.43
10;26.46
48;27.71
23;25.99
31;29.44
77;19.27
26;19.53
17;28.93
50;18.58
13;26.51
72;28.16
78;26.41
76;21.89
64;29.76
79;29.64
30;21.19
64;27.89
29;20.46
72;28.38
77;21.74
77;25.27
68;21.37
69;27.73
52;25.98
19;29.31
76;27.56
14;28.05
19;23.77
21;22.15
26;29.09
14;28.63
13;21.03
23;27.26
14;21.71
51;29.95
67;27.33
58;29.44
51;22.06
43;21.06
62;20.59
49;23.16
47;27.37
61;27.2
50;26.56
67;19.43
40;19.73
11;25.53
50;24.93
43;26.85
76;22.12
36;21.34
61;22.78
48;23.56
59;28.93
60;23.83
46;22.14
45;19.15
32;27.6
63;28.07
41;27.62
67;19.14
23;29.85
17;20.32
37;20.92
26;20.44
18;24.98
42;29.29
14;18.53
70;23.68
16;25.88
66;19.76
13;22.39
77;25.92
56;19.27
76;20.48
10;25.84
61;21.67
18;21.97
66;21.52
41;20.77
35;21.84
30;20.1
20;25.28
22;29.87
43;26.31
34;29.14
8;26.94
72;27.53
19;29.14
63;21.59
74;27.33
77;29.93
75;27.05
29;26.38
39;27.08
55;29.03
38;21.22
51;24.36
77;29.27
70;28.96
21;27.68
34;21.2
41;19.01
19;20.73
74;22.03
18;27.78
9;27.89
28;21.99
58;23.51
75;28.17
16;18.53
26;20.29
21;19.5
66;20.0
23;28.12
64;28.48
15;26.3
10;23.52
16;24.08
48;19.53
32;24.94
11;22.27
12;21.2
63;29.09
61;18.77
27;23.09
54;18.76
50;23.8
63;25.46
45;24.63
28;28.73
38;25.54
32;23.43
33;27.82
36;28.2
70;24.04
56;23.02
79;20.48
48;27.17
9;27.57
57;28.48
42;20.64
8;29.62
69;19.36
10;20.5
31;23.4
69;28.48
13;22.68
23;21.68
68;21.39
8;26.91
8;19.4
22;25.97
19;24.77
79;28.97
53;20.18
66;24.09
36;27.82
72;29.16
76;19.76
61;28.26
54;26.45
80;19.04
64;26.24
41;18.96
62;22.35
48;24.34
76;21.34
72;20.91
25;25.21
12;26.96
14;19.68
42;19.65
53;21.01
50;26.0
41;20.78
25;21.36
74;20.44
15;25.36
39;25.72
66;21.33
65;19.54
48;23.69
63;28.66
55;29.56
52;24.25
46;19.18
39;29.98
50;28.11
23;29.43
24;18.78
60;21.83
46;28.76
63;20.89
33;18.58
71;28.04
44;28.7
49;26.61
30;28.11
9;21.41
19;21.05
65;27.07
60;19.44
59;28.12
78;20.51
9;28.61
66;26.46
17;25.72
44;24.32
53;29.73
60;27.82
52;26.96
46;18.85
35;28.4
43;25.44
55;27.51
50;22.61
66;25.55
71;23.17
16;21.95
41;25.73
60;21.57
75;21.9
28;27.21
30;22.42
35;28.83
59;23.41
64;18.92
39;20.08
61;21.8
20;29.7
24;25.61
70;21.35
77;20.82
69;26.41
36;29.49
55;19.48
74;26.63
57;20.86
45;19.93
75;29.84
57;24.61
71;21.27
26;20.98
30;22.2
55;28.14
43;28.76
60;27.88
11;24.64
23;24.97
40;29.01
49;24.13
24;22.04
44;27.73
35;24.29
62;27.73
41;20.12
68;23.08
67;26.0
36;19.85
32;18.99
66;23.02
30;21.05
47;27.51
69;22.4
24;28.39
46;23.53
8;24.07
24;27.68
36;24.54
71;21.47
16;20.6
22;19.96
52;19.04
51;23.73
65;28.01
26;26.34
42;24.64
57;28.53
14;23.71
32;18.67
34;21.49
8;29.69
60;27.56
9;21.59
50;23.66
54;21.09
26;26.93
66;29.45
23;28.73
74;26.57
74;29.12
55;28.42
51;24.32
55;26.62
67;24.73
61;28.48
26;24.56
34;29.65
48;21.67
74;21.71
75;22.22
46;27.9
58;23.33
63;28.22
37;29.53
79;25.89
42;21.48
50;23.81
71;29.45
48;19.91
17;23.11
52;28.17
74;23.41
48;25.83
53;23.8
42;26.75
11;25.37
20;26.68
25;23.0
11;29.5
60;27.66
63;26.73
61;20.54
56;21.73
56;21.97
47;28.82
66;29.73
54;21.11
36;21.7
11;22.39
33;22.33
50;23.87
60;23.25
60;25.82
29;21.85
45;25.6
13;23.27
56;25.27
73;28.73
12;20.45
34;26.46
59;20.79
45;28.4
34;23.44
60;22.02
9;23.37
41;28.7
27;21.35
30;24.22
53;18.75
29;20.8
49;20.52
39;25.95
59;19.42
31;29.51
41;26.9
57;18.95
37;20.92
8;24.71
66;18.58
40;22.25
41;28.84
62;29.66
25;22.94
24;22.57
79;28.96
55;27.4
23;26.99
55;25.66
40;19.74
41;27.17
80;24.9
60;20.11
21;25.39
75;22.75
26;19.23
18;21.85
26;21.25
70;28.55
19;26.01
69;29.12
29;23.57
64;19.96
62;29.65
12;19.97
54;20.55
34;28.18
28;27.65
39;28.78
41;28.42
78;24.85
19;21.28
76;21.87
62;26.19
37;19.52
75;21.26
18;24.95
32;28.8
56;19.04
64;29.7
50;25.66
20;24.09
48;25.6
59;24.39
80;28.33
46;27.31
39;20.29
41;20.16
17;24.31
76;23.34
64;20.32
46;28.97
40;26.21
46;19.59
57;21.42
40;21.53
34;18.58
74;27.01
68;23.47
76;29.84
57;18.52
55;22.16
80;22.34
79;29.05
34;21.43
59;29.87
21;20.94
12;19.24
16;19.07
18;24.62
18;20.87
51;22.5
15;24.72
61;22.3
46;19.7
34;28.07
36;24.98
80;20.17
79;27.46
37;27.53
11;23.94
10;25.61
80;24.85
62;29.53
36;22.75
76;24.69
40;20.59
71;26.95
56;20.94
58;19.08
37;27.23
76;25.61
46;25.07
28;28.25
51;23.12
34;29.94
74;21.97
10;18.51
38;26.89
64;29.08
48;29.25
43;27.77
51;29.73
31;29.68
70;26.9
8;28.83
46;24.38
70;22.91
10;27.69
23;26.54
76;22.64
65;24.04
57;25.55
75;28.1
73;22.03
28;19.32
53;27.93
27;22.55
76;22.57
79;23.48
31;23.47
71;27.52
18;28.48
26;26.14
36;18.68
77;27.46
77;25.93
35;21.05
75;25.9
80;24.21
54;28.34
19;27.84
67;27.83
41;20.58
56;23.01
57;18.74
23;23.7
72;24.48
16;22.71
43;26.41
34;27.78
57;22.8
68;27.05
24;21.71
73;20.14
12;18.86
41;27.71
41;21.95
22;29.11
80;23.66
65;21.74
49;26.78
22;20.57
50;26.82
67;24.1
23;26.34
67;25.27
19;29.58
63;28.18
38;21.34
19;22.26
24;24.11
28;19.01
61;19.44
72;28.04
25;21.37
76;27.98
52;21.78
12;20.04
17;24.71
59;26.56
34;21.35
65;21.71
30;19.79
63;26.22
45;20.41
13;21.25
59;19.11
16;25.11
62;28.29
46;26.93
53;29.16
29;22.11
39;28.95
49;19.39
35;19.03
67;19.01
45;29.24
36;26.38
68;20.34
30;28.31
15;20.64
16;29.07
54;19.71
55;22.32
32;19.97
80;27.72
10;18.51
45;29.45
62;27.47
79;27.48
55;26.1
8;19.83
49;26.33
71;19.42
15;23.82
11;29.17
37;21.38
51;28.26
13;24.67
64;24.35
55;29.48
50;27.05
62;22.79
47;29.84
49;22.75
69;25.09
76;26.46
27;19.93
72;24.63
57;20.87
44;23.85
48;26.76
72;22.87
64;26.1
21;22.02
25;22.21
13;21.6
66;19.53
11;28.2
30;24.4
34;28.09
17;18.65
70;19.47
50;23.21
14;27.15
23;22.67
68;18.82
16;29.14
48;24.42
42;21.15
62;25.52
44;20.64
41;24.74
59;25.37
51;23.98
58;20.48
70;25.31
8;19.71
66;22.51
44;28.16
27;23.5
59;27.41
22;23.57
61;23.12
59;21.45
32;21.42
38;29.64
56;24.59
38;26.44
44;27.65
74;22.25
54;21.3
8;23.32
13;29.99
28;26.09
65;19.28
16;19.59
14;25.08
18;27.6
47;26.56
26;19.06
61;28.79
49;27.23
62;26.18
19;26.03
77;29.04
29;27.4
61;22.7
45;19.23
71;20.87
17;20.84
18;26.09
17;23.84
29;27.21
59;28.87
36;28.04
35;26.64
64;27.03
38;21.4
48;21.6
37;24.21
37;25.28
27;19.1
50;28.8
33;24.62
77;22.04
21;23.7
60;26.25
59;25.39
66;21.5
25;20.42
26;27.95
22;27.75
58;24.11
65;20.69
37;26.07
50;23.9
21;25.23
27;25.1
77;22.93
48;18.69
30;24.94
14;24.02
52;27.63
25;27.36
61;20.63
32;27.54
79;22.93
59;24.96
72;19.6
67;18.84
74;21.31
55;29.45
76;24.23
16;25.18
61;20.05
17;26.99
49;20.94
79;20.24
73;28.85
36;24.06
54;27.85
38;22.09
65;20.54
69;22.4
46;25.39
56;19.0
80;29.13
36;19.31
40;19.69
43;27.77
62;28.36
72;19.81
22;22.4
43;24.04
52;24.62
68;19.08
38;25.52
18;22.71
35;27.67
66;27.93
42;27.75
68;25.78
41;28.97
29;25.9
28;28.04
68;26.62
48;26.34
51;21.99
29;19.19
56;29.74
59;21.08
67;20.29
33;22.59
48;25.34
20;29.07
44;22.62
50;29.06
42;29.42
10;21.05
58;19.6
66;25.85
48;28.98
8;18.77
71;25.42
75;27.39
29;20.74
58;22.9
28;26.85
10;28.22
49;23.31
27;26.74
50;29.87
51;20.89
76;26.91
73;27.33
39;21.4
72;29.11
51;27.83
77;19.64
10;20.43
57;28.96
51;24.47
38;22.86
58;26.5
16;23.21
52;24.71
44;20.69
78;24.76
31;28.07
37;22.38
47;20.59
21;19.91
63;22.27
56;26.47
77;28.46
49;28.51
38;19.32
58;28.32
23;20.73
48;28.25
42;27.77
57;20.58
54;23.08
73;18.56
24;21.8
19;29.03
46;28.15
14;25.01
26;19.29
21;28.01
67;20.47
24;29.02
72;29.71
60;29.83
61;28.57
38;29.12
62;20.83
73;27.91
53;26.01
77;29.25
67;23.57
45;24.41
55;26.16
31;26.14
36;28.65
44;18.74
57;23.11
21;27.87
18;24.16
54;29.91
36;21.43
77;28.33
19;20.23
35;20.83
30;19.95
14;28.81
24;24.72
23;25.3
56;22.48
12;21.91
23;23.3
14;21.25
45;21.31
61;27.36
51;24.58
48;19.89
66;27.38
47;19.44
33;29.0
29;20.74
37;27.7
44;24.93
39;23.79
63;24.14
10;25.73
17;22.22
31;28.22
62;21.74
78;18.99
74;22.86
11;18.95
45;19.79
45;19.22
11;23.75
63;28.75
22;19.5
30;20.61
45;24.31
25;25.58
14;27.96
24;19.28
50;29.99
46;22.82
79;20.27
11;28.19
33;29.71
36;20.68
37;22.99
12;28.14
80;28.0
41;24.94
57;21.5
16;23.57
80;19.1
32;22.5
67;27.5
21;29.82
38;20.3
24;25.92
68;20.21
78;24.73
43;19.0
74;27.41
53;19.57
19;21.17
16;27.7
17;26.31
63;24.02
29;21.08
17;24.35
9;28.21
50;20.75
74;25.87
28;22.77
60;29.54
11;18.5
17;20.88
60;28.73
66;29.35
32;28.08
48;22.8
23;21.99
68;29.11
25;26.13
8;21.8
10;22.49
10;26.0
49;29.65
78;28.88
28;21.39
75;24.3
66;20.95
13;28.33
78;20.44
21;20.86
74;24.83
65;21.26
45;28.51
16;20.46
27;19.51
14;28.36
35;18.97
27;19.24
43;20.91
46;25.5
69;27.06
13;27.75
39;22.99
36;18.9
17;25.92
62;22.34
22;24.97
66;27.6
47;18.5
50;25.4
41;20.17
78;29.39
55;24.49
57;20.45
30;19.93
56;19.55
51;26.1
79;25.86
10;23.76
36;29.6
60;18.59
74;18.66
65;24.05
33;22.17
80;27.06
29;22.4
14;20.17
23;25.57
43;22.78
48;19.08
71;29.85
36;24.8
35;18.88
56;23.14
49;27.2
9;29.76
8;25.37
51;27.13
25;26.85
41;28.58
40;20.86
72;29.35
21;19.98
23;21.09
72;26.39
33;22.2
41;21.92
38;21.58
66;21.17
66;21.15
31;29.72
37;23.91
29;21.0
27;24.51
69;24.8
69;26.97
70;19.32
48;20.92
53;26.76
43;19.64
12;25.15
38;21.25
58;21.89
34;24.68
44;20.6
20;26.55
77;28.81
29;24.33
75;21.43
49;27.52
10;20.34
29;24.26
76;26.02
18;21.44
50;28.09
32;29.54
80;21.66
8;26.96
56;22.57
79;29.6
49;28.62
25;29.59
71;29.59
53;22.0
60;26.72
78;18.51
67;23.76
40;24.69
35;21.03
64;28.68
64;18.56
17;27.61
15;29.75
21;19.66
19;23.85
46;22.86
55;20.54
11;23.21
48;22.79
20;29.68
16;26.88
36;21.8
67;28.7
20;19.86
24;21.22
11;20.61
77;24.41
60;27.2
11;26.73
27;27.38
61;28.28
51;26.68
47;25.98
63;20.84
48;22.06
15;27.76
61;22.46
70;19.45
77;21.3
34;22.78
51;21.3
8;28.25
69;23.73
50;27.79
43;24.64
75;21.1
63;25.55
34;23.9
71;18.59
13;27.66
16;26.19
20;20.19
79;23.95
19;21.87
49;22.53
73;20.99
74;22.51
39;29.54
69;25.28
9;19.28
61;25.57
31;22.66
22;23.27
28;19.24
51;28.4
48;21.83
56;26.69
17;23.4
46;22.89
41;19.01
30;24.08
57;29.83
77;19.48
20;24.42
80;29.32
10;23.28
50;28.47
56;29.54
48;24.66
41;22.47
54;24.4
31;23.37
48;28.71
21;21.03
56;21.86
38;24.49
76;19.93
35;22.06
39;19.08
10;20.54
53;21.5
60;23.97
20;19.97
32;28.46
60;20.44
51;25.16
80;29.31
68;22.34
19;28.66
64;18.97
28;18.77
21;20.3
59;27.7
22;20.64
21;29.53
17;21.06
66;22.66
20;20.31
73;28.3
58;26.39
59;18.71
36;27.05
51;23.22
29;29.86
42;28.45
15;28.69
77;27.0
55;29.82
41;24.61
78;20.16
79;25.47
70;29.09
41;25.89
78;20.0
14;26.17
45;26.93
74;27.55
17;29.43
32;19.36
40;22.4
66;20.46
37;25.93
26;27.77
60;27.01
73;27.51
39;27.21
80;23.6
67;29.25
80;23.77
67;26.24
59;27.76
62;23.51
40;23.59
32;26.26
13;29.84
33;20.39
70;27.36
68;20.11
36;24.12
38;29.67
21;25.63
60;27.01
80;18.77
19;19.38
39;29.26
28;23.6
53;19.28
44;25.43
55;22.87
9;20.95
47;23.51
79;29.02
18;20.47
9;27.73
41;21.31
9;21.79
80;26.47
72;25.66
20;20.83
11;27.55
41;27.6
65;25.08
74;21.24
36;26.15
49;26.82
74;21.99
12;26.81
74;26.49
62;28.1
24;26.59
74;26.65
53;28.43
52;19.34
71;27.81
71;29.82
20;22.89
46;22.15
79;29.16
74;19.75
17;25.32
18;23.98
51;18.82
24;29.92
42;22.29
42;27.41
41;20.59
69;23.03
16;25.48
16;22.61
14;22.12
78;29.8
31;23.06
48;24.5
59;26.52
43;21.3
31;23.11
28;21.91
14;29.52
78;21.93
46;24.59
55;28.3
10;25.29
55;26.17
49;23.92
73;18.87
36;21.38
9;25.0
58;25.09
36;27.2
60;27.03
31;25.18
14;25.7
43;27.29
12;22.82
43;19.32
11;21.88
41;22.4
9;23.67
15;23.48
18;28.7
64;25.81
57;23.53
10;19.62
64;19.02
22;26.44
70;22.14
55;25.76
15;25.15
32;25.94
71;19.57
33;27.97
76;19.64
55;20.45
67;27.12
46;29.88
30;25.37
40;23.95
46;29.4
11;23.5
45;21.07
64;27.75
45;23.55
28;25.57
10;22.15
20;18.77
14;29.64
12;27.56
80;28.9
12;20.31
58;27.82
54;23.65
35;19.39
19;25.12
66;18.56
17;21.05
57;18.6
53;19.59
32;27.87
53;20.76
50;21.73
75;19.28
10;28.22
24;26.61
30;23.75
42;20.4
21;28.24
57;20.79
12;23.94
66;27.79
56;27.14
70;19.86
8;24.75
61;19.78
54;21.06
65;24.26
26;22.0
73;21.17
71;24.3
54;27.62
61;23.09
53;23.93
73;20.42
69;21.77
29;21.44
52;29.08
17;26.33
17;26.15
65;28.52
28;18.99
43;20.09
33;20.94
74;27.61
10;19.48
31;22.74
60;19.53
30;20.39
72;24.8
57;23.35
24;21.47
29;24.01
50;29.09
20;20.37
41;19.41
24;25.6
32;22.25
48;24.4
30;20.76
12;25.39
27;23.58
37;18.84
29;24.74
42;26.79
74;18.67
9;22.32
33;24.96
75;24.33
35;24.21
24;25.17
30;29.65
49;23.88
46;23.74
23;19.08
69;27.52
30;24.42
57;21.97
10;26.41
40;27.71
50;26.9
69;28.14
19;23.89
56;24.1
41;21.91
17;22.79
18;27.27
42;29.73
48;23.1
28;18.55
77;26.67
18;20.3
13;28.35
55;26.37
40;21.2
14;27.68
52;26.85
64;23.73
18;27.04
47;19.32
10;24.22
66;18.82
80;26.2
43;25.3
79;21.09
33;28.42
36;23.63
59;27.44
15;24.66
49;21.52
42;20.74
66;20.46
65;24.06
39;25.85
65;29.99
14;23.34
39;26.26
33;28.8
8;24.65
34;24.3
53;22.53
55;27.61
68;19.67
43;18.67
64;22.42
71;21.29
54;26.42
39;25.08
72;20.77
14;29.21
44;27.19
71;29.26
36;28.6
15;22.81
77;29.6
69;25.27
46;21.27
49;28.41
71;29.89
73;29.48
64;26.08
28;23.84
27;25.84
74;20.22
22;26.4
79;20.09
45;22.52
77;23.02
31;23.94
24;19.6
25;25.37
60;21.17
12;20.14
17;27.73
17;22.08
13;24.83
29;22.0
8;28.46
28;27.58
21;28.56
37;18.83
8;22.45
9;24.89
9;29.25
13;18.61
32;22.26
35;26.31
80;27.76
49;20.7
78;24.23
12;22.34
59;22.01
26;25.87
37;21.85
67;21.79
36;27.91
8;24.08
69;19.15
76;20.42
50;21.41
49;18.99
80;20.09
33;28.25
34;27.51
48;25.9
36;26.05
36;27.08
21;29.8
71;29.16
27;24.28
73;22.43
56;20.76
39;20.86
17;23.37
66;21.59
46;25.14
62;29.2
8;21.96
15;23.39
61;27.67
53;23.89
43;21.45
22;27.7
37;29.8
51;26.03
65;26.08
8;26.81
53;29.31
73;25.9
21;20.74
24;24.32
9;22.15
79;20.77
17;25.9
16;20.34
72;27.13
42;28.5
70;20.27
77;29.49
27;20.54
40;27.51
39;27.07
54;23.58
23;23.82
55;19.94
26;22.12
58;22.87
68;27.11
62;23.61
22;29.19
20;28.99
32;26.2
9;20.68
69;25.33
32;24.77
69;29.08
45;26.74
56;28.8
18;29.84
17;20.14
41;22.05
16;20.71
42;25.25
58;20.38
71;23.92
14;29.3
16;28.34
45;21.82
62;19.25
14;26.29
68;29.16
41;20.69
42;20.12
77;25.54
62;21.22
17;22.27
17;26.65
50;28.72
45;21.07
40;27.47
40;29.84
39;27.56
73;25.31
69;29.37
24;25.12
25;25.11
57;20.66
29;27.18
19;27.93
24;24.6
51;25.68
13;27.27
69;19.08
71;19.94
43;18.86
39;20.29
58;28.75
43;21.94
71;19.45
41;29.15
57;20.43
46;19.89
32;29.8
34;25.6
36;26.84
13;28.39
59;21.62
76;20.78
59;24.62
67;19.45
41;21.62
71;21.22
24;29.28
31;19.64
62;19.92
38;19.91
51;27.52
77;24.49
12;22.83
18;25.91
38;19.14
72;25.2
48;25.45
34;23.84
50;23.96
40;22.57
14;24.24
76;24.66
44;23.92
32;19.63
12;29.39
15;24.52
47;21.55
11;23.08
19;22.02
9;21.26
61;24.6
39;29.76
26;18.76
78;18.85
32;20.28
20;27.17
38;21.28
41;22.15
32;29.69
75;25.8
80;28.03
50;25.14
10;20.35
20;23.85
80;23.78
67;28.82
69;29.05
57;18.82
72;23.64
58;24.87
65;25.51
37;22.27
13;23.43
75;22.92
15;26.6
70;27.51
52;21.8
12;26.59
23;20.16
46;24.99
36;25.22
57;25.73
14;25.87
30;26.96
75;25.09
40;25.75
21;27.66
69;20.51
58;29.5
29;23.51
70;28.96
28;28.74
40;27.16
22;22.45
56;29.37
51;19.25
29;19.58
20;25.49
16;24.71
78;20.16
72;29.95
66;28.85
39;21.37
18;26.53
74;26.78
35;24.25
17;28.59
9;21.62
66;22.95
25;27.39
74;24.92
61;25.75
27;27.37
31;28.24
49;18.9
46;20.32
74;22.76
63;29.63
46;26.14
14;22.77
61;29.41
45;21.73
74;28.04
42;24.03
78;20.69
64;28.41
80;23.06
25;24.22
48;21.08
10;19.23
50;28.85
10;26.64
78;26.99
36;27.68
15;25.72
45;23.68
69;19.55
25;23.04
50;21.51
17;23.88
72;21.24
10;24.88
20;28.24
17;27.86
56;26.5
75;27.12
56;25.13
69;19.27
13;23.76
26;27.93
65;22.44
31;20.97
63;28.16
78;28.45
52;22.15
37;23.03
74;19.69
64;23.84
16;27.89
31;24.87
26;18.96
35;19.41
13;20.61
59;28.43
42;26.28
43;20.92
50;24.13
14;25.65
23;24.14
47;24.54
30;25.53
78;28.22
45;22.34
80;27.04
57;22.78
17;18.6
54;27.62
21;20.73
70;27.98
29;28.87
25;28.75
56;29.48
71;24.08
35;25.68
28;27.24
30;28.61
12;26.01
62;29.76
19;28.87
42;26.69
57;25.7
57;22.01
12;20.35
8;27.38
79;19.52
71;27.02
55;21.55
32;20.92
77;26.71
20;26.84
58;27.11
42;29.94
22;20.37
65;21.7
57;23.55
28;29.19
19;27.23
55;21.59
30;19.79
63;22.21
24;22.85
11;22.4
73;27.54
79;20.04
18;26.71
43;26.78
64;27.72
9;29.85
42;22.72
13;19.07
50;20.7
55;18.98
37;24.59
36;26.19
39;27.96
12;26.33
12;20.25
37;28.53
15;20.19
78;24.16
45;27.99
55;26.36
63;25.64
17;18.98
8;23.53
29;22.31
70;20.31
10;28.37
34;23.66
15;24.55
53;25.0
10;19.02
38;29.14
32;21.44
37;29.14
63;26.67
52;29.24
16;24.66
38;19.55
60;29.41
20;21.79
71;26.59
8;19.19
18;29.67
60;26.46
57;20.29
14;26.39
51;18.74
68;28.43
47;28.53
12;25.83
24;23.37
68;26.03
51;20.54
74;18.75
14;21.34
17;18.57
76;20.12
37;22.18
72;22.06
11;20.71
39;19.52
66;29.75
49;24.33
20;21.28
24;25.9
17;19.88
22;18.99
25;19.98
37;19.85
25;28.11
53;20.11
36;26.76
50;22.49
22;24.23
12;20.81
50;26.5
30;24.31
59;24.3
42;26.24
78;25.39
56;18.69
15;25.97
77;23.45
67;25.87
19;22.17
75;23.48
59;25.95
63;26.82
49;28.58
55;21.71
30;19.62
22;26.99
41;26.76
41;29.79
50;19.92
31;22.21
52;21.32
78;25.98
11;27.33
74;20.7
77;22.74
79;25.62
22;27.46
64;29.01
45;18.67
20;21.95
66;19.17
23;23.27
59;18.78
27;21.23
14;25.37
47;22.72
73;22.27
44;29.88
35;26.19
31;27.28
59;19.99
75;24.69
72;25.96
9;24.91
33;20.06
61;28.21
35;29.52
62;27.12
45;20.39
20;27.44
25;22.58
35;26.76
22;27.33
39;24.83
54;23.48
35;20.13
67;21.58
34;23.72
53;24.02
74;28.49
67;26.67
41;29.18
16;19.64
20;19.72
65;23.99
43;28.73
35;26.3
29;18.94
34;23.29
48;25.59
64;25.45
23;25.01
10;25.99
26;28.88
21;23.04
13;23.68
46;25.16
30;23.4
32;21.73
65;28.46
31;23.52
24;26.04
38;23.1
77;28.29
70;20.97
18;19.54
57;28.8
77;28.65
68;25.51
15;22.21
32;23.94
66;20.84
70;22.53
20;23.11
50;29.28
69;24.74
74;20.28
80;24.2
55;18.67
8;29.49
71;26.34
45;27.23
47;28.11
31;20.59
73;21.09
11;24.61
26;28.03
29;27.96
49;20.63
60;29.25
68;29.86
65;29.34
42;26.63
75;25.98
10;24.36
51;21.66
70;20.41
71;29.87
16;25.98
78;25.4
53;24.89
62;18.79
66;24.39
22;19.17
68;23.75
62;25.04
27;24.02
79;20.28
25;27.64
61;23.98
50;23.07
22;26.04
15;21.12
61;28.38
53;26.18
70;27.93
64;20.02
65;26.57
65;19.57
41;26.92
15;27.96
66;24.17
21;18.95
33;26.85
34;23.14
71;25.89
73;25.38
43;27.43
26;28.26
29;26.53
32;26.93
29;22.48
52;28.03
49;18.8
57;25.85
25;29.33
44;24.23
19;21.53
14;20.93
69;29.95
53;19.15
71;29.82
63;29.22
77;26.4
28;27.17
14;29.84
21;24.44
77;20.27
27;21.78
42;18.69
33;29.41
44;25.52
73;23.04
28;23.33
77;18.71
28;29.0
42;28.46
67;28.75
64;22.54
44;18.92
18;19.32
79;24.88
33;23.05
80;25.3
48;23.47
64;29.83
43;22.38
18;20.62
69;28.95
19;20.72
52;19.82
17;19.02
11;23.47
76;23.99
65;23.61
40;23.24
65;29.0
16;27.62
30;27.67
77;19.25
58;19.24
32;25.52
50;22.83
51;25.0
54;20.59
52;27.11
22;20.76
63;22.5
39;26.28
45;21.17
43;23.81
77;29.61
42;20.25
29;29.66
11;23.9
15;26.41
35;25.99
30;24.82
72;24.3
63;23.76
18;26.29
25;23.18
66;19.04
14;18.64
80;26.73
59;19.79
63;29.75
19;23.86
27;21.48
51;20.81
68;29.99
32;25.11
68;24.6
45;21.95
47;25.3
23;27.56
69;18.87
68;23.53
32;22.5
57;26.87
32;28.07
65;23.9
51;28.09
60;19.26
36;21.52
8;20.88
42;22.01
63;23.66
76;22.37
48;24.61
19;21.87
72;20.85
24;24.43
22;20.73
12;28.73
35;20.63
65;27.34
40;18.68
49;24.66
53;25.53
31;23.31
17;25.94
69;27.37
70;26.09
74;25.14
57;25.35
14;22.53
67;29.66
73;23.66
46;22.11
80;24.9
56;28.16
34;25.13
37;28.36
40;26.04
25;20.34
78;27.48
34;19.89
16;27.1
32;27.6
47;21.7
56;28.0
38;28.63
24;18.78
48;29.99
73;25.51
77;25.58
35;25.07
9;28.53
10;21.24
59;19.54
55;25.05
35;23.68
52;19.89
55;25.8
21;22.1
41;26.97
47;24.95
40;23.67
29;27.05
61;22.09
77;19.21
34;25.38
75;21.28
71;18.72
20;25.48
63;26.97
54;26.7
60;19.74
75;28.52
77;25.55
66;25.98
54;21.17
37;25.21
55;23.06
9;26.41
61;18.74
23;29.13
23;25.89
41;27.67
37;22.43
71;28.5
23;24.45
63;22.09
38;20.85
42;27.42
32;22.57
74;28.43
79;20.15
13;28.28
22;22.79
61;24.73
20;24.1
59;19.04
51;18.91
49;26.22
60;21.65
23;19.85
78;24.53
42;24.0
57;24.74
60;29.1
53;27.0
23;25.69
43;26.11
52;24.62
21;27.28
34;25.24
32;28.57
46;29.03
51;25.61
67;28.3
42;19.13
9;22.96
11;27.17
15;24.23
30;21.08
27;18.53
51;24.54
58;26.13
80;28.98
75;20.26
31;22.16
49;20.61
78;28.83
51;27.28
54;21.44
53;23.18
56;23.8
26;19.84
37;25.8
47;26.56
26;19.35
31;22.93
21;27.91
76;29.5
25;25.02
76;26.71
78;20.29
22;26.39
49;28.99
78;29.46
15;20.92
29;29.54
27;18.67
33;22.06
11;26.66
26;18.54
53;20.62
9;18.95
57;29.15
48;19.55
66;18.82
39;18.97
34;22.31
65;28.67
34;24.28
19;18.89
69;26.8
48;25.86
38;24.89
47;21.87
54;21.95
24;19.39
12;26.59
36;23.3
57;25.89
70;24.5
29;25.49
59;23.61
62;28.45
25;27.99
64;27.35
48;28.85
61;26.47
54;24.23
67;22.48
53;23.92
23;29.43
69;20.76
41;24.52
73;25.7
30;20.39
75;18.97
80;24.13
57;29.6
30;21.98
38;19.15
72;27.14
37;25.68
61;27.23
50;23.44
64;25.35
27;26.97
13;28.41
42;25.42
40;19.08
13;19.74
47;25.91
30;23.5
40;25.75
33;28.1
56;20.95
20;29.65
33;20.44
30;20.28
69;26.8
41;19.95
33;21.13
46;26.83
35;28.36
61;19.13
21;22.09
37;28.62
50;18.68
57;29.46
53;21.93
79;22.7
27;29.43
42;22.28
28;20.99
77;28.8
36;20.65
49;22.15
29;18.85
36;24.18
59;19.33
23;19.59
68;22.77
21;26.21
43;22.88
29;27.59
75;29.24
54;22.9
54;25.47
74;26.69
61;19.19
69;26.31
40;22.8
71;29.09
47;24.65
17;25.05
8;23.66
12;28.78
80;24.83
39;25.4
61;19.26
20;25.72
47;22.81
16;20.35
53;23.0
26;22.38
51;20.07
79;22.41
79;19.23
77;21.66
38;29.46
41;28.79
26;18.69
75;29.51
73;27.48
65;21.81
40;28.8
78;26.51
44;27.62
45;21.27
76;25.72
70;25.08
80;29.54
67;21.79
72;23.08
46;20.33
44;29.7
20;29.61
33;27.07
46;23.02
27;22.9
24;22.5
14;27.82
19;23.23
70;22.34
65;28.1
68;19.36
68;28.09
22;29.7
12;27.81
9;20.55
19;28.2
51;19.38
49;18.63
23;19.21
25;28.76
8;29.42
59;25.97
72;27.99
34;28.27
43;29.45
46;23.5
16;25.4
75;22.99
23;23.12
10;27.89
53;22.89
31;19.78
27;26.2
21;20.53
27;21.66
62;24.78
66;27.93
23;25.48
51;23.6
16;28.32
34;25.45
37;20.0
63;23.11
24;21.95
58;20.22
52;21.5
18;27.8
76;18.78
24;21.51
60;18.72
79;22.51
30;25.17
9;21.3
23;28.44
58;29.14
26;28.6
31;19.16
76;19.2
74;25.93
34;23.1
78;27.57
27;26.45
50;20.12
23;28.07
51;19.18
63;23.33
65;26.43
38;29.38
22;23.9
77;21.17
25;25.77
65;25.66
40;21.19
44;27.28
74;20.14
47;27.44
41;28.45
59;29.4
60;22.45
79;26.35
18;29.26
13;23.96
45;25.3
54;19.42
20;19.99
20;19.08
67;25.27
61;24.1
10;18.51
76;21.57
24;19.4
56;19.54
20;18.9
25;29.09
52;26.06
13;22.9
77;22.43
36;18.6
13;22.31
74;23.05
76;26.47
71;25.04
58;22.54
80;27.2
63;24.44
37;22.8
70;29.04
54;25.03
14;19.33
69;20.21
66;24.11
57;22.79
50;18.94
75;24.7
51;29.99
40;18.84
53;27.14
60;28.16
29;23.69
23;19.32
77;24.42
51;27.46
57;22.66
33;22.46
13;19.26
72;25.19
31;23.94
35;26.24
25;29.29
38;23.1
37;27.74
34;21.75
55;29.65
74;29.09
74;20.48
61;20.89
29;25.91
72;26.21
59;24.4
8;25.39
13;22.46
51;29.14
62;18.52
76;22.75
56;25.94
49;28.03
12;27.48
75;18.92
70;26.33
67;22.24
60;21.23
51;25.18
54;25.49
60;25.43
38;26.69
45;21.07
14;29.54
21;26.86
33;21.51
34;23.55
12;28.79
37;22.3
45;27.18
22;28.01
13;22.12
52;28.76
14;28.25
17;24.56
10;29.77
80;28.02
79;22.54
65;18.74
78;20.58
21;24.64
14;21.29
8;19.38
62;27.06
61;18.68
25;28.8
39;22.85
72;26.33
69;29.85
24;20.45
74;20.24
27;24.39
27;29.75
52;19.07
19;25.13
24;24.38
12;27.35
44;20.58
29;18.65
37;18.74
40;21.92
24;21.58
77;28.2
68;27.83
51;18.9
34;19.61
49;23.37
71;24.9
12;24.89
73;25.29
53;22.02
75;29.67
32;20.96
44;20.25
13;25.32
38;19.01
66;24.28
29;27.93
15;24.12
25;28.87
39;27.52
42;20.34
17;20.02
60;23.7
68;28.56
45;24.95
30;27.64
9;29.85
54;19.41
44;29.5
20;22.59
39;24.46
64;23.59
53;28.63
64;19.62
21;20.11
51;23.88
10;25.3
25;23.75
12;26.03
79;18.93
10;18.77
79;28.1
14;19.8
49;18.99
67;19.76
67;29.87
14;27.17
65;19.89
15;28.07
33;20.13
50;20.41
25;19.49
60;19.23
56;29.95
47;24.32
55;28.76
24;23.44
23;27.5
66;26.63
29;25.21
14;29.03
17;20.21
53;23.48
40;28.66
20;21.19
34;26.17
70;19.86
43;27.39
56;22.2
49;24.38
20;19.9
8;26.54
34;20.24
13;25.93
10;20.43
75;25.64
24;27.81
20;23.78
56;27.82
75;27.59
75;22.55
36;26.44
17;18.51
13;28.92
71;29.28
20;22.67
53;23.89
36;23.82
25;24.2
74;27.61
35;23.91
44;19.03
33;25.34
38;25.6
10;21.18
75;26.08
43;25.92
20;23.35
49;20.91
20;22.62
63;20.0
28;24.18
24;19.28
75;24.13
26;27.0
60;24.41
27;24.71
49;23.52
35;19.91
59;27.97
76;19.74
75;27.65
79;23.68
47;22.36
79;23.66
70;20.07
18;29.67
76;28.6
39;24.74
40;19.61
41;26.15
63;26.02
22;25.53
21;29.27
69;20.95
73;26.89
57;26.65
42;28.0
26;24.21
55;22.91
71;20.48
24;29.99
16;27.63
59;22.47
17;20.61
46;26.21
14;25.76
76;22.53
74;25.43
55;27.57
71;29.44
18;23.62
61;21.87
54;25.61
34;22.27
56;20.8
50;29.3
35;21.61
77;26.11
62;24.38
21;20.07
13;20.87
36;23.99
35;20.88
38;20.09
33;24.92
73;23.6
15;24.01
17;21.06
17;28.62
50;19.24
13;20.41
51;27.52
80;21.9
74;23.02
15;21.01
11;28.42
75;28.09
69;21.84
13;23.12
57;26.48
25;23.7
46;22.47
57;19.16
75;27.4
74;29.56
22;26.62
52;29.83
80;26.16
73;23.31
17;27.18
16;20.22
52;25.91
73;28.89
60;23.56
52;27.73
10;19.49
15;23.26
26;22.94
72;29.07
19;27.75
56;21.9
11;21.8
34;27.72
77;24.7
61;29.95
32;21.99
51;25.6
68;19.87
35;21.13
21;28.48
75;27.78
34;29.33
21;21.81
23;20.11
37;25.37
66;24.3
47;28.54
75;27.62
64;28.78
65;29.02
55;19.39
63;19.55
40;23.4
59;29.06
71;25.65
9;22.98
14;19.47
71;18.85
30;25.46
10;24.33
58;23.68
66;24.61
51;28.41
17;20.68
76;19.38
31;19.07
54;23.72
26;19.99
14;25.51
60;28.0
53;20.44
74;20.1
58;21.99
63;27.26
47;23.26
51;27.45
19;26.84
58;29.74
39;22.45
79;24.35
60;26.54
65;24.5
40;19.61
13;26.28
51;24.37
75;25.8
30;18.64
26;23.67
48;29.93
56;18.56
41;28.1
70;29.37
42;23.99
62;19.8
23;22.42
23;27.64
74;20.36
71;24.16
31;29.38
52;28.42
35;20.16
57;25.98
10;21.75
76;20.31
79;22.23
72;23.09
67;21.89
13;25.73
34;20.14
54;24.94
78;20.38
54;23.84
30;20.65
33;27.72
76;29.98
28;26.1
71;26.05
21;25.26
12;29.62
11;21.74
18;19.91
21;18.52
66;29.17
75;22.42
20;27.0
45;29.02
53;20.32
12;28.15
67;20.71
36;20.93
16;25.37
30;25.67
48;29.71
53;18.95
17;20.96
50;23.32
36;26.07
53;24.01
79;20.02
69;27.06
48;28.77
40;28.29
69;21.13
47;20.3
36;23.58
53;19.09
58;27.42
25;18.8
15;22.01
40;20.01
79;19.46
41;20.73
52;27.83
63;29.26
46;23.83
22;19.07
62;18.97
62;25.43
54;19.17
13;22.22
47;22.71
14;27.52
77;23.47
78;28.1
51;25.26
68;28.96
77;25.15
39;20.38
62;23.2
60;28.72
68;24.23
59;25.01
54;20.27
43;21.84
68;23.5
77;27.75
12;19.35
66;27.41
47;18.85
76;20.76
20;19.06
13;23.99
72;20.7
35;19.55
28;20.23
70;19.32
78;21.23
62;25.66
28;20.41
9;21.16
35;19.54
57;28.36
14;26.75
14;27.88
48;29.4
35;21.74
68;24.59
19;21.25
31;23.72
25;29.32
28;22.31
38;27.59
42;18.91
53;19.1
36;20.14
16;24.41
12;23.31
60;29.32
63;24.29
40;27.08
24;24.99
32;18.59
13;20.21
77;19.47
76;18.6
67;19.83
72;20.61
23;23.29
36;20.29
75;29.86
37;21.24
13;25.43
35;22.39
40;22.39
11;24.94
36;21.81
35;19.44
42;28.65
26;20.03
30;21.6
72;22.39
80;29.47
28;19.1
43;29.71
33;22.66
71;28.71
62;23.4
34;23.47
46;25.63
50;20.5
42;23.03
15;21.73
32;28.04
25;25.03
33;26.96
35;27.64
31;28.42
26;28.6
28;27.97
76;22.41
50;24.0
17;28.47
66;27.77
56;27.92
40;25.45
26;24.36
44;26.26
48;25.43
50;23.76
8;24.2
62;28.93
31;29.06
58;23.99
62;25.96
28;24.1
75;20.61
13;24.48
21;23.87
10;24.27
78;29.45
40;27.62
9;21.11
33;21.89
18;24.58
15;29.44
30;21.52
22;27.46
8;23.33
43;28.23
67;26.56
34;29.1
51;28.13
26;20.12
9;28.79
62;27.9
76;23.73
72;28.85
25;20.24
66;19.82
19;24.23
71;26.9
60;18.89
70;29.93
58;28.21
56;18.94
32;28.81
67;26.2
33;25.39
25;24.13
26;29.03
54;27.24
20;25.08
8;22.41
31;24.43
62;27.85
16;25.02
36;26.44
80;25.55
73;29.33
41;23.25
75;20.26
15;18.94
76;26.41
74;22.95
74;26.19
26;23.24
43;19.04
75;26.18
39;22.52
40;27.7
24;20.88
53;24.04
78;22.68
66;19.57
39;18.63
8;23.2
36;26.95
9;22.28
34;29.14
13;22.8
49;23.05
50;18.7
11;27.0
11;27.78
39;23.16
14;19.39
30;19.66
43;25.94
53;24.15
25;19.17
12;29.66
28;25.28
80;24.23
33;19.58
15;21.56
32;28.02
17;23.83
26;22.29
15;29.32
54;27.28
50;20.22
48;24.38
35;24.24
75;21.5
58;24.53
57;18.63
70;28.25
33;19.11
59;27.76
51;21.22
60;21.94
45;24.69
64;28.23
58;25.33
69;26.59
65;19.41
19;20.13
56;24.29
64;27.52
62;27.14
30;27.29
51;23.35
77;19.94
53;21.67
47;20.64
67;24.86
70;24.72
40;20.25
21;29.46
39;28.78
50;29.15
70;23.19
47;29.05
17;29.99
54;26.26
30;29.56
51;29.25
30;20.9
44;23.76
26;29.51
74;26.28
25;20.1
64;22.24
73;25.47
8;23.86
70;19.91
8;29.31
10;22.03
70;29.06
38;18.6
8;24.75
34;21.78
21;18.62
57;18.55
77;24.09
40;22.41
53;24.96
73;28.35
51;27.22
34;26.32
11;18.53
65;24.45
56;22.49
48;21.91
32;20.47
52;22.79
40;28.91
56;28.15
48;23.09
35;20.36
63;27.54
71;19.94
14;18.62
20;19.69
36;27.64
53;19.14
21;21.59
21;19.01
43;29.14
39;24.62
21;18.88
36;18.95
68;23.69
28;18.52
43;23.74
32;25.86
34;29.91
32;29.59
50;19.38
42;24.69
26;23.59
57;20.26
25;25.75
57;27.34
47;25.81
8;19.0
55;28.32
20;22.85
10;29.74
74;27.82
20;25.49
9;26.65
50;19.62
74;29.19
39;25.15
31;20.0
41;27.43
21;20.4
40;23.09
65;27.48
63;29.03
12;28.96
18;29.06
27;25.9
10;21.79
50;24.65
25;26.43
39;18.78
54;21.78
47;26.38
52;29.86
36;18.86
54;19.23
40;26.92
30;26.9
61;19.5
39;25.67
9;27.41
10;27.53
11;27.07
56;26.79
42;22.57
44;28.64
41;21.76
32;23.71
20;19.27
41;28.06
53;23.95
54;24.9
10;19.83
74;21.0
58;29.85
8;21.09
19;23.28
68;28.13
28;22.56
26;28.05
15;20.17
36;23.53
75;23.35
71;23.98
35;24.86
30;19.58
27;27.95
64;22.19
10;25.97
20;24.96
27;25.15
56;26.39
21;25.0
68;25.73
70;29.15
57;27.62
58;26.44
48;21.54
8;20.41
68;20.84
55;26.49
61;27.36
61;24.27
50;20.55
46;24.45
63;24.75
33;19.96
57;29.48
26;27.74
40;29.88
51;23.71
71;25.9
54;24.93
71;26.16
38;18.53
36;24.53
30;29.28
35;27.55
80;26.22
49;23.49
61;23.22
41;24.85
68;21.01
24;21.79
73;28.65
43;23.81
72;18.93
71;20.01
28;18.74
42;19.83
43;22.76
34;27.74
41;26.28
17;29.35
11;29.54
68;18.75
44;22.95
67;29.22
43;25.44
24;28.45
63;27.62
39;27.56
25;27.63
17;29.81
75;28.59
14;22.82
55;24.67
40;19.79
25;25.69
58;19.25
53;25.69
15;23.72
59;29.92
48;18.67
80;22.44
78;21.1
16;18.88
23;23.67
55;27.61
35;28.7
21;19.66
26;22.79
46;20.89
17;23.71
35;19.42
68;24.01
77;24.32
17;27.02
26;25.92
22;25.23
73;22.85
45;18.51
8;25.14
49;19.51
69;18.62
11;22.08
67;24.74
77;21.82
59;21.07
29;25.53
53;24.67
79;23.99
80;25.62
80;28.52
44;19.07
60;21.67
73;25.49
19;28.73
33;28.35
27;28.85
65;22.46
16;26.68
50;28.43
49;25.7
18;20.75
26;23.47
30;25.61
67;29.32
31;24.09
29;27.37
69;20.81
47;26.9
36;21.34
10;22.5
38;26.49
62;19.95
15;25.28
65;18.71
52;19.55
26;28.7
80;23.42
30;25.67
38;24.18
19;18.88
38;26.11
39;29.7
67;23.48
73;22.07
14;24.42
66;27.2
65;23.24
16;25.48
51;22.73
40;21.44
52;22.85
14;25.64
12;27.98
64;23.7
23;19.51
58;22.61
25;24.86
15;29.68
38;27.09
49;23.72
11;20.61
33;20.49
49;24.29
43;30.0
8;21.73
79;20.86
71;28.89
11;26.79
23;20.12
68;24.44
22;21.11
64;19.46
58;24.22
52;28.67
17;24.19
80;23.08
15;18.5
15;21.56
68;19.99
80;24.88
64;20.67
58;21.24
15;23.78
52;19.24
70;20.74
27;21.07
37;18.87
79;19.34
42;22.98
45;23.27
26;29.85
18;21.9
8;22.32
49;23.22
20;20.55
26;27.84
27;22.87
17;27.33
47;24.72
77;27.39
73;20.45
62;28.48
69;24.96
14;23.0
61;23.0
29;23.92
79;21.31
14;26.54
53;23.04
66;23.19
25;28.52
71;27.6
57;20.96
16;19.66
16;26.82
54;23.82
42;20.33
10;19.08
10;20.23
51;24.08
31;21.7
66;20.03
62;22.5
53;24.77
41;23.1
39;25.31
46;27.22
27;26.45
48;26.66
38;18.94
57;24.46
75;28.87
21;21.17
55;27.55
66;25.2
31;28.03
70;28.49
14;19.95
47;23.37
76;25.79
24;25.6
70;20.24
76;24.31
14;25.55
79;24.1
70;25.36
33;18.83
24;20.85
33;25.34
79;28.59
38;22.71
61;25.71
19;24.02
44;27.97
58;23.54
32;27.05
28;24.89
65;26.78
33;19.37
37;25.85
65;27.66
24;28.76
69;27.29
10;20.79
35;27.9
44;22.16
80;27.02
73;21.56
76;28.05
48;28.48
30;24.04
41;27.16
38;29.15
46;29.12
44;18.94
20;19.81
65;19.48
19;23.37
54;23.24
43;21.56
63;18.64
21;26.86
40;25.44
53;20.75
46;28.05
66;20.8
20;28.37
13;20.97
74;19.04
23;26.83
27;22.77
58;29.83
80;24.47
34;22.82
59;26.78
69;28.74
48;24.53
70;26.57
68;29.19
16;19.71
28;21.61
70;18.58
34;27.12
68;23.85
56;24.01
76;27.0
39;21.39
23;23.6
53;23.15
10;29.16
12;22.25
17;24.75
28;28.83
20;27.45
49;25.57
55;21.21
67;20.82
47;20.6
59;22.25
69;27.97
30;23.55
80;29.29
39;27.11
29;21.21
49;21.62
44;24.42
31;21.44
29;23.55
51;23.14
47;23.34
41;23.89
24;25.23
68;24.78
21;18.95
68;18.64
41;21.25
19;27.73
8;21.81
27;22.61
8;21.55
50;25.7
47;18.61
11;27.46
27;27.32
74;19.96
59;21.22
41;27.11
37;29.79
41;25.85
79;21.4
68;25.25
20;23.52
24;30.0
32;28.38
8;19.26
14;29.76
32;20.13
69;27.73
57;28.49
44;21.84
8;20.2
80;20.89
13;20.81
27;24.55
54;23.42
30;29.25
11;18.51
8;23.41
74;29.92
29;28.41
44;23.51
54;22.58
73;26.32
52;24.94
25;29.1
43;26.93
14;22.34
19;23.32
38;26.78
13;20.05
51;26.37
23;22.47
17;29.92
61;19.46
69;28.0
46;27.79
66;21.16
50;27.87
49;28.2
34;23.56
48;25.39
80;29.59
76;25.48
49;21.32
46;25.57
56;27.09
21;28.75
28;29.45
40;27.39
51;25.49
21;24.04
66;19.35
63;23.88
72;19.35
48;24.92
44;27.67
73;19.82
24;28.55
75;26.38
76;23.52
25;23.0
55;21.16
66;20.0
33;28.52
16;19.97
34;25.9
58;28.47
62;27.52
30;21.42
40;21.93
46;26.91
74;21.27
34;26.09
60;24.52
15;21.84
15;27.11
62;27.94
36;22.29
32;19.53
34;29.9
77;22.44
15;19.46
78;24.74
8;26.33
14;21.35
62;21.66
42;19.99
40;24.52
44;19.01
59;25.6
37;24.58
70;24.14
40;19.92
13;22.27
61;19.75
18;26.88
60;22.17
16;28.84
64;19.45
80;21.86
73;29.29
11;21.65
28;21.02
41;23.22
43;28.36
41;28.44
59;26.68
69;28.13
71;19.97
59;19.88
30;22.04
67;27.92
72;27.08
33;24.5
80;19.68
55;23.61
68;21.15
14;21.64
24;20.63
29;28.18
47;25.76
11;26.59
60;27.28
53;21.47
53;22.11
13;19.31
37;19.56
53;23.22
28;19.35
58;19.08
41;25.98
13;20.86
63;28.85
35;22.0
52;22.98
61;24.6
60;26.9
47;22.69
31;26.64
43;19.47
39;25.22
40;22.39
47;22.4
11;21.28
26;24.66
11;19.47
42;25.9
59;25.62
33;22.97
40;25.12
58;26.36
54;19.23
57;22.86
30;20.97
80;19.53
44;20.25
54;29.07
15;20.53
9;22.61
56;23.65
16;24.9
74;28.16
21;20.17
33;21.47
63;21.18
43;28.28
31;18.69
80;26.96
13;26.18
25;21.7
11;22.47
34;27.32
54;26.72
21;27.01
26;22.17
45;23.57
25;21.96
34;29.66
45;19.64
20;24.0
67;27.16
60;19.63
77;29.51
17;26.59
40;27.39
8;24.09
26;27.83
57;21.18
19;20.79
12;19.84
47;18.53
16;26.61
17;21.84
12;21.0
75;20.77
27;26.66
17;19.31
52;28.78
22;27.36
31;29.79
66;29.71
43;20.45
60;21.16
43;24.53
30;24.25
52;28.13
11;20.06
37;29.65
17;29.5
22;29.92
10;29.39
26;19.96
53;23.58
39;24.86
80;26.32
73;27.88
60;19.61
25;21.02
44;23.59
72;23.23
15;19.78
56;19.68
53;20.32
21;20.17
14;27.98
13;20.85
23;27.47
27;29.8
26;26.91
71;21.38
53;23.47
60;28.46
64;26.52
24;28.32
37;25.67
28;22.2
80;23.73
63;18.76
53;20.66
38;18.57
9;19.18
61;25.02
56;23.93
44;22.41
59;23.59
57;26.78
63;22.03
19;29.97
44;21.0
8;27.34
32;23.43
26;28.06
75;26.62
32;23.56
44;29.11
45;25.21
28;19.16
69;19.76
47;29.23
22;19.56
66;22.08
74;19.72
29;25.47
23;25.98
65;27.29
19;27.67
73;19.38
49;21.6
69;24.5
78;21.9
32;23.56
9;24.97
14;25.5
45;27.31
25;29.47
19;28.61
55;24.65
35;21.08
9;24.05
67;20.02
21;20.08
40;23.19
11;18.85
24;26.3
12;20.33
71;18.88
68;20.91
11;22.64
52;20.32
63;20.7
36;23.17
18;28.36
48;24.63
26;26.2
25;29.27
72;22.39
42;20.32
37;22.33
52;26.27
69;24.21
9;27.86
66;19.86
33;28.0
71;19.67
24;29.03
33;20.38
56;25.34
15;24.18
75;21.94
52;22.32
8;25.42
25;24.48
55;20.93
10;28.84
39;23.09
22;20.16
29;20.62
12;26.42
56;21.57
73;24.31
50;18.89
40;25.32
25;19.19
13;28.82
49;24.7
74;20.65
47;20.19
78;24.14
57;27.43
79;28.58
59;26.85
13;25.96
8;24.9
40;27.81
24;25.65
77;18.68
39;21.43
55;21.05
46;22.08
44;24.14
40;19.85
57;23.48
24;27.21
34;19.26
79;24.47
49;29.45
46;26.68
22;24.92
79;26.23
73;22.76
72;22.44
56;26.56
66;21.88
64;22.84
74;29.19
42;24.01
51;23.5
31;26.9
61;27.51
45;24.27
58;20.07
69;19.77
64;22.37
48;22.25
51;25.96
72;22.82
45;24.57
74;25.44
69;19.94
77;25.06
56;26.95
43;24.19
64;21.45
77;21.72
27;28.87
35;22.69
21;21.16
57;27.64
37;22.45
59;25.62
34;25.38
41;26.58
17;18.62
50;21.74
28;19.75
51;26.39
40;29.95
15;20.75
22;28.63
59;28.11
48;21.45
33;26.49
15;26.94
72;25.38
73;21.65
15;22.67
73;26.64
53;29.94
50;19.16
17;19.97
24;23.38
41;19.19
59;28.31
53;24.51
10;26.73
23;21.28
40;28.84
61;28.59
20;27.59
40;22.04
44;18.99
57;20.7
11;26.77
40;20.97
44;21.74
27;29.59
72;24.53
36;19.2
46;21.9
21;25.68
35;25.75
25;24.72
51;28.23
31;22.75
80;28.42
24;25.34
61;21.06
70;23.32
11;25.75
25;24.23
27;27.66
65;18.82
54;24.42
16;29.63
18;22.29
49;24.04
56;20.81
47;23.47
44;24.72
40;26.35
52;20.85
74;23.88
45;20.7
48;19.91
16;21.44
33;19.47
62;26.02
65;25.86
51;22.3
51;22.35
55;22.01
46;20.56
28;24.2
43;21.43
49;27.66
31;29.92
54;27.36
27;18.89
21;27.25
73;20.19
30;29.81
39;28.34
64;27.74
43;23.69
64;29.51
34;18.79
80;22.87
41;28.25
29;29.17
58;28.1
67;22.97
18;20.71
77;23.36
67;24.77
49;24.38
9;19.93
17;22.99
59;22.54
76;23.92
54;25.88
45;29.31
10;22.16
15;24.91
59;25.68
49;19.71
20;22.42
57;28.31
16;20.97
26;28.63
32;26.56
49;24.7
35;25.81
70;21.85
12;28.22
51;18.68
65;28.4
70;26.72
14;22.05
17;24.7
58;20.79
48;23.89
8;23.0
60;25.89
77;27.08
34;27.14
19;21.9
58;27.96
11;20.82
41;25.74
14;29.6
8;24.75
46;21.68
68;28.2
33;21.43
14;24.47
41;20.07
18;23.39
77;23.74
60;22.77
49;29.6
68;23.82
39;19.83
45;23.12
42;19.87
71;18.86
31;28.24
15;21.92
29;29.89
43;24.77
21;22.22
14;19.16
55;28.99
43;25.16
11;21.16
78;25.77
58;26.85
63;23.78
26;27.77
48;21.75
48;24.2
21;23.73
56;26.16
17;21.78
34;21.4
53;18.94
11;19.41
79;29.21
59;22.42
53;18.56
58;18.99
36;29.55
35;23.45
58;22.26
12;22.61
61;29.61
50;20.6
70;20.86
26;29.9
37;20.56
34;19.21
50;22.34
25;21.05
71;24.14
74;27.24
25;28.59
75;29.82
33;27.42
62;29.68
41;20.52
32;27.64
66;23.19
32;22.61
76;20.35
62;22.71
43;23.66
62;22.94
17;20.01
55;23.04
64;19.28
67;25.64
72;28.63
12;28.68
50;18.74
73;25.89
66;19.73
63;23.32
52;25.0
16;26.82
80;28.21
25;25.72
38;28.64
40;29.1
71;27.78
44;21.67
33;23.01
47;28.41
65;28.3
17;22.59
56;26.82
49;28.84
76;20.61
53;24.42
58;27.93
16;27.63
29;19.33
31;28.05
70;29.16
17;21.82
56;19.44
39;24.01
13;24.85
66;23.46
23;21.67
75;24.21
68;20.06
75;27.04
70;21.15
68;21.25
9;24.72
11;27.62
25;21.44
12;20.06
54;21.9
23;20.11
46;19.8
8;24.18
13;24.9
34;22.16
71;24.5
36;28.4
29;27.86
37;24.18
45;29.38
68;29.28
8;24.64
64;24.83
25;28.82
64;24.76
76;21.39
46;29.09
50;28.41
36;24.77
20;22.23
46;24.85
27;28.99
45;28.02
48;23.75
60;19.29
10;23.79
35;25.51
48;26.55
66;19.74
66;23.96
37;28.65
32;25.76
32;22.51
15;22.0
51;24.96
34;18.73
56;27.76
55;22.24
52;29.13
35;20.82
56;19.34
44;21.88
12;21.15
65;21.64
31;25.73
32;20.87
55;29.58
27;22.15
65;24.86
43;25.32
16;24.01
36;26.07
60;28.59
35;24.1
13;20.32
80;28.28
52;27.93
62;21.05
46;25.45
73;28.04
41;23.12
34;24.86
34;20.24
73;24.51
59;26.31
45;26.46
31;28.17
23;18.85
32;27.63
36;29.43
59;26.09
43;22.22
14;20.13
43;19.81
10;20.38
16;22.16
78;25.31
35;18.74
62;20.62
68;27.86
53;27.82
50;20.38
33;26.16
15;24.01
23;21.36
25;18.87
76;28.0
29;24.0
72;23.1
13;20.43
36;19.75
52;28.8
32;25.56
76;23.22
18;25.29
25;23.45
61;19.38
56;25.07
12;21.93
25;19.5
17;27.62
63;26.33
43;29.79
72;24.57
9;26.17
23;26.82
69;20.96
20;26.5
8;28.45
74;29.92
75;26.19
14;25.69
11;24.74
60;29.23
58;21.6
24;26.85
39;18.93
57;19.66
32;21.83
12;20.88
16;24.88
74;26.18
65;25.07
15;27.32
40;25.58
76;20.85
67;26.18
70;29.21
39;27.44
79;29.16
50;26.26
75;23.13
38;25.94
59;28.92
21;28.77
31;23.44
9;27.62
35;21.79
16;22.96
16;25.11
49;27.14
51;26.64
10;25.75
80;20.36
45;22.43
70;26.9
58;28.58
76;19.02
55;27.89
60;22.0
58;19.92
28;26.53
62;28.68
40;20.85
8;23.9
45;22.85
40;19.13
28;20.32
54;19.66
71;26.2
34;18.81
26;26.4
77;24.28
17;22.62
36;24.14
24;23.63
11;22.55
55;27.72
48;22.9
43;23.62
64;19.56
16;24.23
52;19.13
37;20.78
40;28.96
15;21.11
27;26.71
35;20.03
54;20.14
36;29.55
11;27.89
57;24.95
37;21.0
19;20.66
33;26.37
18;20.58
78;18.7
24;21.61
53;18.73
20;20.1
13;21.45
58;26.41
47;23.16
15;22.0
34;19.55
11;23.73
36;23.04
25;21.0
70;25.31
25;19.95
66;23.85
20;22.24
75;23.25
64;20.99
51;19.43
37;25.37
65;27.26
72;24.36
11;27.96
74;19.22
42;18.76
22;25.08
69;23.75
29;29.01
38;21.4
25;26.72
68;21.58
59;23.06
33;28.07
28;24.3
35;24.93
45;24.63
17;19.48
48;27.77
54;27.44
54;24.83
9;20.23
31;20.12
61;24.71
67;24.8
12;24.72
77;18.6
75;29.2
36;23.91
53;28.05
72;20.41
14;23.42
24;24.92
54;19.65
55;25.83
54;28.37
77;28.57
71;19.48
57;19.42
68;22.57
68;22.71
78;26.36
28;19.02
28;29.0
50;21.08
59;24.26
26;27.54
44;24.56
40;27.04
59;21.87
24;18.86
26;27.97
80;25.79
10;26.81
77;23.06
72;18.78
46;24.35
39;25.51
54;22.59
76;25.79
17;21.16
12;24.04
19;19.65
80;27.67
21;28.02
24;26.05
50;28.73
48;23.76
63;27.06
79;23.61
50;24.52
9;24.7
17;21.18
65;19.76
22;29.22
19;18.63
73;24.46
16;28.16
18;23.44
73;24.77
53;23.01
23;20.18
12;25.74
49;23.61
68;22.39
78;29.01
37;20.9
70;25.39
23;19.36
23;22.64
55;23.71
75;20.91
54;23.35
53;19.37
28;28.09
45;18.62
31;18.99
10;29.2
77;29.88
58;18.83
75;19.89
36;23.6
50;25.11
73;28.23
60;21.33
66;27.93
55;21.11
44;21.98
68;19.66
45;24.33
66;25.01
47;27.33
25;26.04
52;26.85
65;25.71
67;21.06
32;21.62
17;26.57
18;20.28
71;28.43
24;26.71
15;28.28
30;24.3
13;23.93
67;25.52
74;23.26
45;26.13
25;23.23
64;29.33
10;23.06
58;21.78
32;24.62
51;25.66
38;19.92
20;20.28
76;24.61
36;20.77
79;28.75
39;28.79
28;20.13
25;24.43
18;19.84
50;23.3
51;29.83
79;26.84
33;25.27
57;21.17
56;22.19
62;22.9
36;21.68
34;27.13
64;29.59
46;26.51
18;26.01
22;21.88
51;26.28
75;29.47
33;29.11
27;22.71
23;24.98
32;26.83
70;19.91
36;28.65
18;22.97
80;27.6
26;28.7
74;22.03
67;23.31
49;25.67
22;25.93
21;25.98
12;25.34
45;21.07
44;23.18
71;20.79
20;28.99
41;19.07
24;25.45
13;19.43
15;24.24
73;25.23
76;22.34
24;19.98
31;22.38
51;27.29
45;25.55
16;26.07
12;27.06
15;19.58
61;28.67
25;24.26
30;25.7
72;25.63
32;29.55
14;23.86
33;24.34
47;20.73
27;26.8
14;18.96
9;28.48
30;28.46
61;21.06
20;19.16
79;23.08
8;19.8
28;23.2
21;28.59
27;21.49
45;29.89
32;24.94
50;22.2
47;27.38
23;19.94
50;26.59
44;19.0
56;25.1
11;22.9
49;20.31
50;24.3
17;23.52
79;23.85
65;29.57
36;27.58
29;28.25
18;20.37
59;22.15
59;19.86
33;27.92
26;19.55
70;18.63
29;27.92
77;22.08
35;29.89
27;26.76
61;23.05
47;18.5
9;27.63
8;18.66
52;21.19
78;20.65
24;21.42
79;24.05
54;18.65
13;28.4
76;28.51
13;28.78
10;27.47
71;28.66
65;19.94
13;28.99
63;23.45
31;19.77
22;26.64
48;22.7
27;20.37
51;26.18
23;23.1
76;27.86
43;29.99
21;20.39
49;26.36
30;29.2
77;29.32
8;21.36
62;28.97
55;29.47
33;25.92
26;25.17
52;22.85
27;20.11
25;25.33
33;19.53
57;24.39
31;21.59
12;27.78
18;21.77
59;25.6
17;25.83
72;27.29
24;29.91
72;26.03
27;29.17
73;24.04
76;18.77
38;25.34
67;21.55
61;23.83
27;22.82
28;24.48
14;25.99
10;21.0
44;23.89
47;20.87
36;25.93
64;23.51
38;26.26
47;19.64
22;28.62
42;27.69
62;25.15
74;27.38
46;20.08
68;22.36
31;24.98
72;18.96
43;25.32
67;26.57
19;23.61
13;25.96
73;23.66
9;21.57
56;18.63
40;24.48
11;26.66
73;28.21
42;21.1
70;22.67
44;24.56
66;22.65
37;21.67
37;27.05
53;25.6
13;29.75
9;26.07
48;29.97
51;19.22
62;24.16
34;28.63
62;21.72
55;28.92
25;25.71
12;19.05
10;27.54
70;26.74
69;27.11
50;25.48
71;24.24
65;24.15
25;24.15
9;26.78
74;28.19
43;21.96
67;29.79
12;22.31
36;19.65
26;29.4
34;20.42
66;22.16
29;27.48
76;29.23
20;19.6
37;25.62
56;25.59
32;27.01
78;27.66
33;28.45
27;27.3
30;19.49
74;20.09
64;19.65
13;21.1
16;28.96
42;25.99
14;22.59
65;18.71
51;20.87
79;20.41
16;22.8
13;28.36
32;20.39
74;23.76
28;19.25
58;29.53
40;18.74
63;19.55
23;24.31
36;20.93
37;27.3
59;22.4
14;22.88
30;23.72
36;26.48
35;29.68
27;22.74
36;27.0
75;18.99
37;19.86
28;23.63
67;21.0
20;29.1
13;27.9
30;25.9
29;25.46
49;21.44
12;24.66
31;27.58
13;21.93
19;22.66
23;24.91
67;19.72
67;23.75
47;19.72
39;22.39
49;22.13
53;20.88
30;29.05
33;20.42
30;24.72
26;28.15
19;22.34
12;20.7
22;21.62
16;27.91
56;28.39
64;27.71
59;23.21
51;26.74
79;27.9
28;23.41
33;27.18
55;27.95
57;25.02
80;26.89
41;21.73
61;26.95
76;18.82
54;28.36
76;20.39
35;18.51
23;23.6
53;24.52
23;23.89
28;20.82
19;22.66
33;28.2
60;29.39
47;29.97
41;28.8
36;24.56
57;27.65
40;25.33
74;24.75
13;24.11
24;20.87
34;25.31
41;26.72
16;27.05
11;28.09
18;20.72
60;26.66
67;24.93
79;25.31
35;26.12
79;21.71
35;23.22
32;18.69
35;28.11
33;28.12
38;18.51
69;24.86
44;23.76
43;18.77
64;29.05
47;27.12
54;27.52
54;20.42
27;22.36
31;28.62
13;18.97
9;26.27
66;27.14
11;22.65
75;29.57
27;24.38
48;19.72
39;24.84
57;28.83
41;26.39
49;23.75
43;20.9
42;23.76
8;28.18
39;21.64
17;28.0
61;26.28
34;22.73
20;24.66
56;18.76
34;28.38
43;25.12
38;18.8
39;21.12
27;19.86
16;26.55
24;21.35
41;27.67
63;20.97
49;20.33
56;28.77
59;27.21
73;22.51
8;21.39
18;24.05
75;26.08
67;20.92
73;25.37
27;25.2
55;21.66
71;23.76
61;23.83
20;20.5
14;27.43
19;23.86
54;22.24
65;29.21
52;25.41
19;21.78
51;20.46
39;21.45
44;22.06
17;28.33
16;26.16
38;22.68
66;29.3
38;23.09
25;20.41
9;20.86
13;29.62
73;18.71
33;20.18
38;22.43
64;21.05
10;20.33
47;26.56
38;20.27
61;28.24
49;18.93
57;19.39
39;21.27
77;25.21
49;28.71
33;18.99
34;25.92
36;21.31
56;27.09
26;19.49
46;24.94
48;26.76
69;19.74
67;22.91
20;19.78
59;20.2
59;24.61
19;24.14
57;24.32
28;26.72
28;20.2
21;27.71
54;18.65
47;28.65
60;20.22
44;25.64
62;28.87
35;26.78
60;23.62
65;25.77
38;27.4
77;20.95
45;20.34
45;25.65
46;28.02
66;26.18
36;19.43
39;22.12
53;27.64
37;29.84
17;20.86
37;26.22
73;26.99
76;20.5
8;25.01
73;18.88
57;19.77
24;29.6
62;21.87
40;26.8
35;27.13
12;26.78
60;19.58
69;22.03
44;23.95
41;21.64
15;19.92
75;26.35
11;22.51
74;23.48
72;29.89
75;19.55
46;21.31
61;22.57
22;22.86
59;25.19
66;22.08
18;24.95
40;21.87
42;23.7
33;22.05
71;23.3
64;28.2
8;27.8
24;27.24
72;25.59
35;25.56
74;22.36
16;28.5
35;29.48
38;21.81
31;23.75
28;20.24
68;22.96
73;21.87
53;24.55
55;26.25
45;20.36
45;19.11
24;25.8
64;27.73
30;23.99
48;27.1
73;28.74
35;23.71
31;29.56
36;28.7
70;23.37
20;21.85
46;27.61
47;21.94
80;27.4
24;20.55
34;24.58
33;28.47
10;26.12
54;29.34
59;22.05
77;22.82
19;21.32
79;20.46
44;28.14
53;28.03
65;25.72
75;23.99
50;19.81
74;27.48
77;20.31
70;21.14
30;22.4
51;24.58
58;18.58
18;28.79
53;26.11
30;25.38
42;29.98
61;25.34
69;21.21
34;19.08
78;25.88
33;20.19
13;20.14
55;29.7
56;28.08
57;28.64
35;28.46
75;18.99
38;23.32
54;25.53
80;21.26
35;19.15
63;22.4
65;25.38
70;24.35
77;27.95
56;29.28
68;22.52
43;23.37
76;29.37
55;23.5
58;28.19
56;23.18
45;27.75
56;20.65
29;20.62
35;21.06
44;20.22
25;22.52
19;24.09
8;20.87
76;23.56
55;23.34
8;28.04
49;23.26
33;20.08
38;19.11
26;19.6
15;19.82
56;28.81
72;29.7
44;21.42
50;20.57
11;29.39
73;23.74
33;21.09
53;27.37
19;29.47
33;29.87
62;29.2
52;25.98
9;27.13
70;18.5
12;26.2
66;26.58
13;22.48
19;18.97
56;29.92
26;24.33
75;24.41
52;20.38
38;28.0
10;19.7
80;22.69
32;23.53
80;22.93
76;21.63
34;18.65
52;25.56
45;26.31
45;26.26
11;29.64
9;26.14
68;28.43
64;24.06
44;25.02
70;21.94
12;27.97
15;22.53
50;26.13
29;28.6
75;25.42
78;26.71
70;19.72
70;18.87
51;19.64
62;18.51
53;24.92
53;23.35
67;28.5
16;23.47
34;19.37
37;25.88
58;21.37
78;28.09
9;25.92
39;29.38
50;24.09
38;26.64
49;25.57
9;23.5
80;21.29
58;29.27
28;26.11
51;19.91
55;29.88
31;21.35
75;22.48
12;19.49
78;19.6
24;28.44
46;22.01
21;19.79
31;24.98
20;27.19
17;26.91
8;26.16
49;27.31
67;23.0
45;21.05
71;24.06
61;26.88
61;29.43
18;23.61
64;19.3
52;19.29
25;23.64
19;27.82
56;29.52
33;24.89
65;21.54
58;21.23
38;29.02
56;20.54
27;23.03
69;25.25
48;25.13
31;29.3
54;18.7
69;29.04
45;26.98
13;21.67
62;19.55
14;23.48
29;25.37
28;22.43
19;25.05
9;20.72
51;22.67
9;28.62
16;26.32
74;28.28
13;24.9
37;23.43
18;21.33
59;26.14
20;20.78
64;19.29
54;25.0
65;20.85
53;19.7
14;22.65
78;21.1
62;27.47
73;28.11
60;21.12
72;20.69
35;22.08
36;20.38
77;24.84
61;28.47
43;21.29
76;22.77
73;29.76
40;20.57
50;22.87
76;29.25
43;26.69
38;23.78
59;20.95
70;22.54
20;23.04
22;21.4
47;23.44
49;19.72
29;24.6
76;25.93
76;21.59
24;27.35
59;22.67
56;22.34
25;19.65
9;22.2
11;21.45
17;29.01
45;23.13
16;27.27
16;21.39
49;24.74
61;24.67
45;19.29
49;24.18
45;25.17
67;22.13
56;28.95
46;27.56
73;25.82
68;28.2
60;28.74
39;23.73
71;22.07
14;21.93
55;23.41
36;19.66
55;25.96
29;28.12
27;25.26
64;26.66
78;22.51
56;19.29
53;28.63
18;28.4
38;27.98
67;20.89
9;22.31
26;26.19
32;19.81
14;20.34
66;23.51
8;24.75
10;28.68
43;23.76
72;19.41
60;18.85
52;24.11
49;21.59
80;21.06
11;18.86
10;27.93
38;24.24
64;28.13
38;24.6
55;25.85
59;25.47
48;19.17
47;26.29
19;23.54
56;27.78
22;29.38
47;28.19
37;26.75
16;27.82
48;24.54
67;29.18
8;19.67
62;22.38
77;29.3
35;25.59
75;26.01
72;23.08
13;20.1
10;25.35
35;22.53
23;21.67
17;27.99
22;23.99
47;24.54
71;28.03
30;20.53
24;20.1
18;26.4
42;19.31
17;25.73
59;20.72
17;28.26
51;27.54
68;27.7
14;29.21
49;19.03
68;24.01
64;27.22
56;19.68
17;19.79
25;27.59
79;24.39
63;18.82
36;25.26
55;19.96
17;26.02
26;18.6
24;28.67
75;21.05
17;21.72
43;20.73
57;20.58
53;28.67
29;28.83
12;20.52
67;23.92
47;26.83
60;23.27
40;19.96
80;26.41
52;20.38
53;19.19
20;24.91
57;29.56
47;26.37
79;27.21
71;23.52
12;22.15
10;24.52
65;25.57
22;23.19
78;23.32
70;20.22
74;24.47
41;21.24
47;22.28
17;28.19
20;29.12
13;22.43
45;18.78
13;24.35
68;28.98
20;28.02
38;23.52
23;22.09
55;20.41
30;24.39
44;25.63
62;28.86
42;28.06
9;19.74
16;24.1
78;25.27
57;29.72
65;26.86
69;24.69
35;27.58
30;27.56
43;21.06
17;19.32
20;22.04
43;26.7
76;28.04
26;28.84
52;22.14
26;26.85
21;20.44
13;18.59
49;29.86
32;25.72
49;26.4
80;20.97
76;19.74
67;27.91
29;24.95
74;21.67
28;26.4
20;28.72
79;19.86
51;27.28
66;26.7
73;18.57
67;29.82
21;20.65
69;18.97
9;27.33
72;27.5
13;25.98
60;26.92
27;24.31
60;20.99
63;24.18
55;20.24
22;26.22
58;18.87
13;26.76
50;26.88
19;29.71
72;26.68
37;22.37
29;29.36
25;26.6
18;20.74
47;23.73
41;23.07
11;22.46
11;22.37
18;20.2
19;26.3
28;29.9
42;19.45
75;19.0
71;27.89
68;21.47
38;19.31
14;24.61
75;25.02
31;19.26
25;25.97
66;24.34
68;24.71
15;20.36
73;27.29
38;22.79
23;19.9
44;21.38
43;25.12
15;23.05
41;25.29
58;26.15
75;19.3
26;28.43
78;19.49
46;29.21
51;29.7
47;21.76
57;21.5
17;24.49
45;19.9
42;28.32
74;20.89
38;23.84
41;25.97
19;23.56
15;28.48
13;28.42
15;18.97
28;26.85
65;20.34
23;18.76
51;21.2
17;21.27
10;23.73
42;19.37
77;20.29
51;26.48
57;23.12
21;23.75
21;20.54
70;23.64
17;24.09
39;21.72
37;25.99
37;20.56
23;25.54
80;25.43
78;20.77
66;28.5
68;19.33
57;21.93
43;18.83
75;25.22
10;28.74
15;26.86
70;27.35
10;26.72
51;21.07
74;24.97
54;19.48
54;29.91
49;20.7
30;19.23
26;21.09
57;25.29
21;21.1
79;24.38
49;25.7
58;20.89
57;25.11
8;20.03
12;20.67
20;18.99
31;25.23
63;25.65
56;23.73
68;20.16
12;23.82
18;29.86
47;19.66
76;18.82
60;29.95
36;29.09
40;20.38
22;24.13
32;24.62
28;21.52
72;22.45
31;18.85
33;27.38
21;20.86
79;24.55
78;23.3
29;23.88
50;23.46
55;24.43
13;19.13
33;27.18
23;21.55
12;23.4
15;23.38
8;22.92
11;29.64
73;26.7
18;20.05
51;29.67
58;25.65
8;25.5
22;27.47
29;26.39
49;26.79
71;24.83
63;26.78
57;20.3
41;25.89
35;20.39
46;19.74
10;27.23
56;22.72
41;18.54
40;28.61
72;21.68
39;19.89
79;25.95
69;29.87
14;22.89
32;19.79
66;29.14
19;28.69
73;25.47
24;29.23
17;19.79
61;28.99
44;22.08
55;21.17
59;19.41
16;19.91
70;25.9
79;25.38
9;24.06
33;26.36
8;28.03
49;25.73
17;29.16
78;24.62
47;25.81
45;29.41
12;23.77
24;27.85
65;21.7
33;28.83
13;20.07
20;25.83
30;29.94
79;25.72
43;18.65
65;20.72
45;29.23
38;29.59
38;28.2
45;22.22
62;24.6
12;23.38
41;19.52
27;28.87
24;25.85
50;25.94
70;26.32
66;25.38
53;23.21
43;19.03
51;27.87
27;23.29
69;23.68
61;19.67
35;21.29
35;18.65
44;20.62
77;19.84
60;19.11
14;28.41
39;26.14
14;19.58
69;27.29
73;20.45
54;27.13
70;22.5
28;27.62
56;26.32
25;28.37
31;20.71
72;20.13
27;24.98
38;24.51
37;23.01
71;21.33
13;23.18
60;28.79
56;29.58
73;20.57
47;29.08
51;29.83
15;18.72
66;21.92
49;29.77
23;24.29
65;22.36
32;23.42
49;29.48
18;18.74
76;20.23
22;25.98
21;19.25
63;26.73
75;19.33
80;29.42
55;21.41
41;21.43
25;23.64
16;24.3
19;18.82
28;23.16
14;29.38
80;26.07
80;22.13
72;24.3
49;21.52
18;19.85
19;22.88
79;24.49
76;26.97
34;27.41
48;20.5
76;20.2
27;29.08
60;26.98
62;29.12
41;20.78
49;28.98
36;26.89
8;26.08
41;26.83
21;29.94
78;18.59
70;27.22
34;28.81
13;18.58
23;29.07
12;24.97
47;24.07
62;24.08
25;28.82
50;25.45
29;26.69
53;22.07
66;21.9
67;21.76
74;25.65
50;27.36
56;20.88
52;25.58
42;29.27
61;27.59
50;29.19
22;23.76
40;19.89
47;27.68
24;21.11
68;28.04
71;21.54
12;20.66
42;23.09
36;20.46
54;22.42
69;26.46
52;23.86
49;24.17
30;26.1
61;28.79
52;19.13
12;22.01
39;29.16
9;21.12
14;25.94
45;25.61
23;25.01
8;29.29
64;23.6
54;29.41
47;20.0
23;20.08
8;20.75
32;23.08
68;28.25
31;19.97
26;18.77
30;24.09
49;19.47
49;23.58
39;19.29
43;22.17
19;25.81
47;24.39
73;22.85
20;18.68
80;21.77
11;21.1
62;27.2
59;25.79
34;23.07
31;23.58
16;23.36
39;29.99
21;27.97
61;20.25
77;24.08
76;19.06
36;26.45
73;21.91
34;21.05
34;28.28
18;25.14
57;25.58
26;25.1
35;18.58
40;23.59
37;23.17
38;27.17
61;19.42
79;22.72
19;22.57
14;29.02
66;19.29
45;28.32
30;19.12
11;21.99
15;23.71
32;23.16
11;19.88
11;25.45
57;29.47
61;29.94
66;19.7
48;28.51
64;23.78
46;24.88
61;19.03
61;26.66
41;24.55
11;29.97
73;22.6
17;22.29
63;23.43
18;19.8
24;24.22
8;25.66
74;27.5
57;26.48
16;23.35
56;27.0
52;27.41
43;22.72
40;29.86
71;29.03
54;21.12
42;22.63
78;18.79
52;25.25
25;18.79
46;25.09
65;20.93
63;29.84
33;21.04
57;27.13
58;25.31
16;22.13
34;27.43
24;19.75
36;26.14
24;25.82
29;26.51
12;22.16
74;22.27
44;27.12
30;22.98
69;23.91
49;27.75
23;25.19
68;27.23
49;26.94
34;18.59
31;26.4
29;22.73
51;22.65
64;26.47
22;25.52
51;28.01
16;23.12
51;27.51
56;20.21
56;26.34
17;23.05
47;29.89
8;23.03
74;27.47
52;18.64
50;21.57
41;18.87
17;27.9
63;26.07
75;18.69
22;28.16
38;19.75
42;28.92
42;26.15
50;26.51
30;21.34
44;18.73
11;25.0
19;27.38
66;20.68
69;19.05
43;25.4
71;23.84
65;23.38
77;29.35
29;28.94
49;26.92
58;29.52
50;29.78
13;26.48
70;25.8
71;22.4
70;23.17
30;29.48
60;25.17
21;26.15
50;29.18
19;21.54
39;21.39
17;19.69
54;21.98
50;27.21
36;24.43
58;29.72
54;28.59
24;25.41
35;27.72
51;26.54
72;28.34
35;29.63
54;20.43
26;23.41
10;29.75
38;28.6
70;19.36
75;21.44
23;27.47
25;22.59
20;20.45
62;21.58
59;26.47
8;29.49
17;23.15
18;28.08
31;20.67
32;22.86
74;25.81
9;18.81
29;24.31
22;24.6
39;21.04
71;26.69
23;21.94
68;29.29
56;27.8
8;29.56
8;20.72
57;24.22
17;28.06
23;21.45
28;28.15
61;20.09
16;28.81
51;27.46
12;22.92
69;19.72
10;29.62
40;22.77
35;26.1
78;27.24
59;18.76
8;27.4
77;26.72
33;29.46
78;29.38
24;28.93
56;19.76
21;25.94
34;25.25
19;24.96
26;27.11
42;24.26
39;23.93
56;29.06
43;29.77
51;24.63
11;27.88
38;24.12
20;21.71
67;22.51
78;23.13
23;21.66
57;27.2
39;22.13
21;20.26
79;21.06
72;20.45
61;27.77
21;21.16
39;25.91
61;22.59
10;25.7
54;22.69
30;25.0
20;19.01
52;28.78
49;18.56
46;28.8
36;29.99
65;29.49
56;20.83
15;28.44
64;18.65
63;24.55
59;19.04
65;27.35
54;28.29
27;29.01
51;28.53
78;24.81
22;27.92
15;22.9
31;18.64
39;25.83
51;24.58
31;25.41
73;26.71
43;25.32
18;23.15
56;21.17
62;19.11
79;19.24
43;21.81
50;29.07
38;21.22
11;23.18
67;18.93
8;23.91
76;19.91
66;27.16
42;22.54
26;28.29
29;20.76
68;24.84
65;22.0
26;19.03
72;26.54
69;19.88
80;19.42
28;23.78
70;26.7
31;20.91
33;27.75
67;24.05
72;22.81
48;23.43
51;18.7
13;28.36
33;27.45
73;29.66
16;21.63
11;19.52
48;21.01
33;25.05
63;20.52
41;28.46
57;28.31
18;21.66
74;18.62
71;27.7
65;19.76
20;28.92
48;26.62
59;19.16
67;21.8
17;28.09
31;26.61
23;23.2
34;20.25
10;26.34
55;21.92
46;22.86
60;28.64
61;23.22
9;27.53
15;29.15
61;23.81
8;20.46
33;22.36
60;21.03
14;21.98
17;24.39
15;27.26
67;25.38
31;23.22
9;23.05
45;26.1
33;29.97
80;19.92
9;22.71
72;21.74
63;22.33
14;26.98
15;21.69
27;19.15
36;22.37
14;22.29
20;23.33
11;24.15
48;19.85
28;25.62
71;23.07
73;25.0
65;26.33
16;21.77
9;28.79
69;19.75
19;21.89
33;24.74
71;26.97
49;28.69
26;18.62
48;28.26
58;24.65
70;19.77
27;20.14
17;23.59
28;23.46
55;26.34
78;19.17
36;21.18
49;27.12
9;21.68
14;22.22
73;23.35
68;27.85
60;20.75
39;19.05
24;28.85
9;20.11
14;20.61
58;29.79
39;19.79
61;28.41
54;20.63
29;19.16
38;22.03
36;19.16
25;29.51
62;21.53
42;21.8
40;24.77
56;26.15
20;20.95
27;18.56
40;28.58
34;29.89
38;18.65
45;23.45
20;29.16
21;29.12
61;25.69
27;27.99
44;29.88
16;18.56
16;29.34
11;20.64
48;22.86
45;27.79
11;22.84
65;29.18
58;20.2
13;28.75
64;28.9
26;24.11
10;25.45
11;19.32
61;24.69
76;26.0
58;19.94
14;21.18
73;23.73
67;21.73
60;24.08
66;24.39
55;24.57
44;29.77
32;27.76
29;28.43
33;22.99
14;26.98
40;25.71
80;24.47
46;20.89
22;30.0
75;25.5
57;24.21
30;24.23
19;26.91
80;28.42
14;19.39
28;29.57
66;21.74
58;23.64
73;29.96
25;27.78
44;21.42
61;24.61
29;22.66
66;26.57
45;27.2
18;29.3
29;19.82
20;20.67
23;18.88
56;27.67
36;28.45
10;23.37
36;21.98
48;29.13
76;26.93
53;24.22
14;27.45
76;24.69
27;28.29
46;23.05
71;28.21
14;22.92
36;21.47
72;19.43
9;29.28
25;23.6
66;24.57
21;22.11
64;21.11
23;20.52
79;24.11
17;23.99
55;19.23
58;27.84
64;22.54
78;29.29
80;25.84
13;22.7
29;20.29
72;22.12
12;29.75
80;25.68
49;25.09
70;26.55
37;27.7
50;27.05
35;26.37
25;28.24
58;25.83
72;19.73
38;25.51
62;27.28
76;24.31
45;24.67
44;22.28
44;28.15
22;29.47
20;20.26
47;19.08
64;20.15
19;20.91
79;22.26
76;19.23
52;27.76
58;24.21
66;21.67
17;21.84
57;23.37
33;23.36
19;26.08
58;24.28
10;22.28
34;27.05
46;24.4
77;25.65
46;21.62
23;29.15
28;21.41
31;23.87
60;19.23
23;24.55
74;27.64
71;19.8
67;27.24
72;26.68
30;27.62
50;21.24
26;23.04
24;20.42
40;25.71
34;20.44
56;29.05
44;20.14
19;25.19
35;27.88
28;22.99
73;28.86
46;24.06
73;25.25
65;20.01
23;23.66
33;26.88
46;28.95
77;22.71
61;23.69
20;27.15
42;20.99
14;24.3
9;18.69
73;27.92
18;22.03
34;29.1
80;25.9
20;20.3
79;28.04
32;20.56
42;29.14
70;27.37
31;25.7
46;27.03
26;19.49
66;20.24
13;29.93
52;24.03
29;28.03
49;27.39
68;19.14
34;18.59
59;27.37
80;23.22
49;25.19
48;20.21
62;27.08
78;27.54
11;23.05
32;26.0
33;21.48
52;26.1
39;18.6
53;26.57
61;26.45
38;25.27
12;21.62
12;25.23
13;27.9
80;19.32
24;25.89
66;22.23
66;26.83
10;24.4
17;20.46
60;26.23
26;22.18
21;19.17
62;23.66
23;27.1
53;18.78
39;23.97
13;22.48
42;23.14
73;25.31
46;18.57
18;20.08
77;28.95
27;28.9
11;21.11
69;28.2
46;22.36
8;23.3
35;24.63
15;25.6
67;22.49
41;21.25
16;28.79
56;28.43
12;19.12
53;19.81
66;25.41
40;27.29
77;26.66
32;19.63
16;18.58
54;22.53
13;29.96
11;19.96
42;19.1
54;22.46
33;24.19
25;28.87
74;26.56
69;22.3
24;20.58
30;24.72
74;25.46
76;25.89
17;22.83
36;22.12
71;28.52
13;22.92
55;29.11
58;24.21
8;20.03
61;26.08
48;23.96
46;26.4
69;24.31
31;27.01
47;28.51
65;29.28
66;28.99
26;18.85
33;27.95
56;28.76
18;25.22
51;27.82
80;24.42
31;25.92
36;29.8
80;21.26
64;22.07
56;18.85
18;28.25
44;26.19
66;18.77
16;23.12
19;25.98
45;23.27
14;28.73
62;19.82
64;23.23
13;19.19
79;27.1
28;22.39
62;24.05
71;26.62
56;27.82
73;23.68
48;22.32
25;24.84
28;24.31
77;20.23
73;23.12
48;19.0
48;19.5
51;19.38
75;28.96
12;24.58
30;20.63
49;26.12
76;21.97
54;27.85
31;26.26
45;20.75
77;21.3
31;19.71
22;29.9
70;19.63
23;25.81
49;28.42
58;21.37
46;22.59
54;23.87
12;27.42
63;26.83
10;24.67
61;18.57
70;20.71
12;21.7
9;28.14
48;20.1
34;18.67
12;21.66
19;27.81
48;18.7
38;20.14
53;20.34
70;20.73
12;25.13
49;21.06
59;21.45
56;29.94
11;28.84
69;18.64
52;22.16
19;24.29
9;20.54
19;25.01
44;29.0
9;20.13
53;23.34
74;20.97
9;21.42
72;29.89
47;20.88
61;28.38
46;25.02
14;29.26
33;22.05
75;19.68
61;27.44
58;22.32
58;18.8
71;22.4
38;24.89
9;23.07
54;25.84
18;25.62
29;24.2
15;28.47
51;22.6
44;21.61
19;20.36
37;22.16
52;20.24
65;24.24
29;19.92
62;21.77
57;25.16
63;23.8
31;29.41
52;23.82
36;25.52
15;18.9
43;23.7
32;22.04
49;28.33
72;18.95
38;29.84
41;28.53
43;27.13
32;27.17
68;28.49
51;29.62
59;20.0
34;27.1
73;29.36
68;28.88
42;24.05
51;24.92
19;18.65
39;18.83
54;21.85
32;20.72
63;27.9
67;24.56
63;22.05
34;22.35
65;21.41
57;29.57
24;27.23
9;24.49
69;22.31
80;23.3
61;22.57
73;21.95
25;25.52
67;25.92
17;28.33
34;22.94
12;28.12
49;22.57
58;20.97
58;27.71
39;23.47
31;25.55
48;22.87
44;27.74
38;27.77
18;24.29
44;26.06
68;24.19
61;25.16
28;29.55
16;27.27
50;26.78
61;20.55
60;26.61
74;21.56
30;21.97
44;19.38
30;25.52
18;24.73
63;19.07
26;28.64
43;23.65
49;26.98
42;29.53
26;29.02
70;20.44
68;20.26
35;21.47
35;24.21
57;25.14
8;29.29
12;18.59
14;24.39
27;25.38
22;21.4
43;26.63
28;22.54
63;26.8
10;28.01
78;27.36
56;29.44
75;26.18
43;26.0
37;21.67
78;22.1
63;25.69
37;19.73
69;24.69
9;19.13
28;25.98
41;23.91
64;22.99
24;19.23
69;27.56
35;19.2
46;28.2
67;20.99
27;24.11
13;25.28
18;25.4
59;23.1
30;19.5
34;27.62
60;25.38
16;29.55
59;23.73
15;27.19
71;21.71
22;19.35
64;28.1
68;25.53
42;19.4
32;19.57
29;24.85
78;23.3
64;27.5
8;26.81
16;24.86
40;23.52
25;21.18
45;25.11
62;29.19
41;29.33
40;23.36
72;22.52
56;28.95
79;18.52
65;26.54
74;18.83
28;20.23
19;21.85
75;26.74
41;24.75
23;24.5
33;21.0
60;21.65
40;29.09
70;24.32
56;20.29
52;24.23
49;29.49
10;19.65
56;22.8
13;23.9
9;19.21
54;22.6
66;20.84
21;21.26
36;28.02
27;27.25
44;20.06
12;25.55
58;24.27
46;23.57
71;23.99
77;25.67
13;21.92
72;24.65
66;29.11
66;24.06
28;21.3
23;29.77
64;27.48
9;18.58
51;28.6
50;20.48
79;26.87
36;24.11
63;24.4
15;22.74
37;26.93
11;23.37
79;27.45
73;25.33
50;24.01
37;23.45
38;24.31
22;22.81
37;24.29
20;24.36
16;22.05
25;21.18
61;25.12
49;25.95
75;24.08
21;20.6
64;23.76
34;20.84
27;24.21
15;23.41
48;26.53
19;25.18
44;19.22
8;21.17
8;24.81
12;26.19
41;23.0
24;21.33
66;29.08
35;24.52
9;20.64
42;27.63
34;21.17
23;20.1
58;20.78
11;28.06
37;28.6
59;28.42
59;19.24
10;26.85
57;22.28
38;22.46
46;22.48
50;25.01
40;25.86
34;23.58
38;29.86
16;29.86
70;25.09
73;22.61
75;24.67
76;23.66
34;21.8
51;24.78
19;24.06
8;20.99
33;20.76
26;29.92
62;26.12
73;22.66
36;22.67
53;18.72
58;21.49
44;28.08
69;25.52
18;26.04
56;29.23
64;29.78
39;19.21
16;25.81
43;25.16
76;26.69
69;21.3
28;19.48
55;20.13
26;27.05
52;25.9
62;19.66
77;24.06
13;23.73
25;21.74
80;20.34
33;26.02
77;19.42
37;19.12
63;19.73
63;29.14
47;22.1
58;24.72
63;19.99
30;29.55
71;28.37
48;21.9
65;24.11
51;29.02
50;23.14
14;27.71
79;22.32
75;20.89
30;27.17
39;26.28
20;27.52
45;27.74
59;26.36
28;23.47
25;23.53
40;27.35
37;18.89
18;19.35
61;22.37
9;20.24
19;29.76
63;19.58
76;27.82
75;27.24
15;19.16
48;28.61
32;21.4
32;21.56
26;28.55
64;19.41
74;19.57
23;29.15
64;27.66
65;23.98
51;27.31
72;19.42
20;19.45
25;20.34
22;20.99
60;27.71
25;21.4
11;20.02
14;23.51
68;20.07
58;21.08
57;28.39
27;20.78
30;27.94
48;25.55
23;23.85
58;21.04
13;27.62
46;20.28
31;28.14
23;29.77
16;22.77
48;21.32
69;21.84
78;19.42
51;20.65
50;21.68
37;22.61
25;25.98
36;22.48
58;24.1
22;22.23
22;23.8
19;23.76
77;25.78
9;29.31
23;25.69
8;28.41
40;28.7
44;19.72
39;27.25
27;29.08
17;23.73
26;29.33
11;29.65
32;21.36
34;21.54
18;27.53
51;26.44
27;18.82
21;18.89
38;24.1
49;23.61
70;23.98
39;20.37
43;24.39
70;23.11
49;22.75
62;20.62
29;28.38
15;22.72
9;19.06
61;22.57
20;28.17
49;25.22
26;29.95
75;22.13
58;24.51
23;22.56
57;28.86
76;22.09
79;27.08
41;18.91
40;27.8
51;29.01
50;19.83
49;27.03
21;27.69
48;29.31
79;20.01
22;23.18
10;28.5
16;28.64
69;21.75
33;29.12
28;20.82
14;29.47
25;22.46
17;25.24
49;29.75
67;19.48
19;20.92
29;21.33
33;21.14
20;26.34
39;24.1
24;22.58
74;20.37
46;21.6
16;20.12
31;21.21
60;24.28
56;24.16
31;24.31
49;23.25
69;22.27
61;29.5
65;28.09
36;18.64
24;18.88
69;28.67
23;22.75
60;27.95
60;20.57
61;25.52
28;23.32
26;21.65
29;25.94
63;28.92
13;27.98
47;23.57
65;28.29
11;20.7
79;21.86
24;28.24
55;22.09
61;19.62
49;20.24
26;27.35
46;23.48
41;23.92
78;22.76
40;21.82
15;19.97
56;21.82
44;28.64
78;19.29
56;19.49
43;28.69
41;22.47
28;24.53
14;24.79
60;29.29
44;26.83
45;26.06
33;23.41
20;23.9
37;29.81
72;28.87
79;21.97
29;18.51
33;21.48
75;26.51
66;28.46
14;20.57
21;25.52
80;25.36
37;26.14
19;29.59
44;24.72
24;27.74
12;25.75
24;20.69
68;20.64
34;24.06
10;22.56
35;19.01
76;19.02
54;24.78
56;28.96
71;24.4
57;24.77
53;24.29
52;20.67
35;26.66
76;22.57
10;22.54
27;25.72
51;24.32
8;19.88
58;27.8
9;22.43
8;19.37
47;28.97
33;22.83
33;29.64
33;24.47
34;20.81
16;26.43
63;22.1
60;26.01
60;24.05
32;22.13
24;23.94
37;19.35
13;21.22
51;26.96
75;25.4
77;25.02
74;20.94
35;26.96
57;22.59
39;21.3
13;23.16
25;29.25
27;21.68
35;19.03
31;24.29
13;23.54
68;21.37
80;25.44
17;24.81
48;24.62
36;22.71
17;20.79
70;23.82
35;29.32
55;22.36
72;24.42
32;29.89
14;29.54
56;26.24
56;23.09
59;28.52
46;26.43
16;22.5
32;29.18
19;19.03
51;21.76
15;27.95
20;19.55
27;27.19
20;25.82
66;28.12
45;19.3
49;18.88
21;23.23
42;25.84
40;28.71
38;19.68
37;23.5
38;27.68
38;19.85
33;20.82
26;19.92
76;21.46
42;21.84
57;24.64
20;19.35
31;29.42
78;25.31
29;21.46
61;28.53
66;23.16
59;28.29
21;25.01
48;21.85
40;21.03
47;23.95
68;22.29
74;22.82
66;25.01
24;22.01
13;28.66
28;27.01
25;22.64
52;27.32
39;27.72
58;23.55
39;21.1
58;29.29
34;27.07
33;26.5
59;28.66
30;22.14
42;28.39
52;26.17
26;25.99
53;25.55
52;19.44
70;26.11
13;27.67
16;27.57
74;18.96
67;29.56
70;27.26
34;18.91
71;25.27
24;25.77
56;27.09
59;25.47
75;23.83
23;19.03
63;25.0
16;20.4
71;22.62
75;26.85
22;20.86
22;25.14
80;19.97
52;28.64
73;25.41
58;18.99
22;19.56
45;28.13
54;20.9
58;28.22
52;20.05
73;20.57
76;19.49
22;29.49
77;28.85
31;29.2
41;26.28
12;23.02
56;21.28
15;24.49
47;27.57
22;21.81
27;28.88
46;29.27
20;26.92
78;20.09
50;28.03
36;27.9
74;27.17
19;18.95
58;25.98
77;20.18
71;28.19
41;26.1
52;19.81
61;25.24
38;22.24
39;28.6
18;29.9
42;29.11
31;21.19
71;27.87
16;27.13
27;23.75
26;28.31
26;18.53
8;27.17
19;22.94
78;23.24
51;25.52
40;27.49
10;24.46
37;21.15
54;26.53
26;23.01
40;29.7
65;29.35
36;28.73
56;21.95
69;25.32
25;27.33
20;25.51
49;24.66
28;28.81
53;27.08
53;28.33
53;27.52
17;19.68
23;29.18
18;22.08
49;28.82
65;18.68
54;28.45
80;22.84
33;27.65
10;22.05
77;20.13
33;27.7
69;26.07
68;20.73
52;18.63
74;21.24
22;20.92
62;20.81
72;19.58
23;29.89
57;24.8
30;26.25
55;19.28
79;22.56
43;26.27
41;24.51
25;20.19
69;19.32
10;26.35
25;27.83
52;25.09
76;29.35
53;29.13
17;19.78
73;23.73
45;28.97
61;29.53
29;29.05
45;22.82
42;28.91
27;23.22
17;19.27
43;27.07
40;19.53
18;22.42
25;20.75
58;29.46
22;22.92
73;23.64
38;26.59
69;23.32
49;27.8
11;26.5
72;22.32
18;18.79
40;25.99
64;24.31
66;24.59
46;20.08
43;19.26
77;27.93
61;18.5
76;28.77
63;24.77
21;26.36
54;23.47
52;23.5
35;29.7
61;28.69
20;25.19
56;22.55
67;22.84
29;25.85
45;21.33
29;23.8
60;27.73
9;21.69
57;25.89
11;19.59
46;28.7
58;20.86
80;23.31
18;25.89
36;24.13
50;19.57
10;21.71
55;27.51
48;29.4
58;21.33
57;18.99
32;21.4
22;27.18
46;22.16
14;29.3
76;25.73
8;25.32
19;19.71
28;22.64
59;27.31
66;22.81
38;27.86
78;21.69
45;28.99
76;25.01
75;25.95
9;21.86
73;28.91
49;19.01
15;20.53
32;23.32
50;23.68
33;26.49
40;21.58
13;24.26
56;24.79
67;26.88
77;20.27
57;19.09
18;22.05
46;25.74
52;29.15
34;25.65
18;23.95
54;25.43
46;20.72
69;29.01
24;28.13
36;24.52
18;20.43
46;27.88
18;21.75
58;19.15
41;26.5
60;28.57
9;22.99
51;28.3
19;21.32
49;21.13
68;20.8
78;22.12
74;22.26
47;28.63
19;28.12
63;28.63
71;23.51
72;24.64
18;25.42
42;26.63
70;19.19
21;27.3
34;28.15
38;19.55
50;23.87
17;27.6
56;25.59
15;24.92
22;24.44
74;26.14
60;20.12
38;18.97
74;20.3
41;20.34
23;20.77
71;19.98
68;27.21
63;29.65
71;26.96
29;21.7
34;19.82
79;20.1
19;19.48
56;26.98
13;26.89
28;20.23
27;21.68
8;20.77
46;28.02
58;23.0
52;27.59
23;19.59
62;21.44
22;26.45
40;26.94
48;22.09
29;22.31
37;20.22
30;19.62
51;26.17
10;29.82
59;28.74
75;25.73
77;24.53
19;24.25
45;21.45
39;27.26
9;24.21
18;25.79
58;22.31
29;29.51
68;26.43
59;27.08
21;19.75
30;21.53
67;21.88
39;28.87
16;19.9
43;19.12
80;21.67
28;26.33
38;25.17
16;20.97
15;25.83
16;26.84
20;26.83
21;19.6
50;27.04
43;26.37
49;21.99
24;25.69
10;22.66
69;24.85
55;29.28
22;24.26
29;21.06
28;23.6
31;22.09
67;21.13
55;21.06
50;25.85
29;29.48
63;23.05
20;24.04
67;20.33
44;29.99
27;24.78
14;22.63
15;23.01
64;22.76
38;28.15
39;27.71
61;20.31
75;23.86
60;20.61
27;24.05
27;19.01
63;24.09
40;22.93
39;29.18
53;29.95
52;28.54
10;23.88
40;28.7
29;28.48
66;21.12
9;22.83
64;23.19
12;28.58
11;29.6
38;28.52
49;25.82
60;24.1
28;19.51
22;26.35
24;24.54
51;20.07
51;22.16
49;24.67
28;21.47
43;29.26
12;19.79
65;20.55
57;24.0
55;19.85
51;21.16
32;21.44
39;24.79
21;19.7
55;22.26
79;26.99
58;26.62
26;20.08
8;19.7
71;19.79
31;27.36
18;22.82
19;28.21
49;22.92
15;25.8
24;22.51
48;20.04
27;20.47
8;29.96
25;22.22
38;27.71
22;21.73
16;28.18
74;20.97
23;28.16
41;25.31
70;24.51
42;20.7
17;27.89
20;25.53
13;19.52
72;20.29
17;28.71
76;19.92
64;21.34
30;22.95
73;24.04
10;23.67
67;23.83
62;22.86
21;21.04
44;24.23
47;22.35
21;26.92
74;24.77
43;28.4
18;23.82
32;26.14
30;22.35
45;25.96
62;22.57
33;24.78
30;19.86
12;21.54
70;21.75
35;18.69
57;24.53
8;21.62
65;28.07
68;23.1
40;20.24
33;19.3
14;20.74
36;25.48
49;18.99
75;23.32
46;28.29
32;18.69
33;24.24
54;19.05
26;24.9
80;29.4
17;18.57
57;27.42
22;27.99
9;19.31
23;28.06
67;26.29
11;24.84
33;27.73
26;22.69
51;28.19
49;27.32
77;25.99
22;22.09
73;19.95
36;21.77
63;24.79
68;19.32
62;22.09
74;27.37
39;21.05
43;21.0
45;28.45
48;29.1
50;22.49
31;26.12
56;21.22
79;19.8
66;25.51
41;21.82
78;25.23
40;28.39
21;20.65
12;24.78
63;21.28
55;25.97
28;23.62
37;23.59
67;21.82
10;28.82
30;25.59
77;19.9
10;21.55
40;28.42
80;21.48
52;19.96
45;24.48
74;20.51
22;23.08
11;25.01
10;27.27
59;19.37
20;26.85
23;28.34
34;24.19
14;28.89
54;29.86
76;29.39
30;23.97
20;27.08
79;19.83
43;20.31
46;27.06
64;27.91
38;20.08
38;25.05
79;24.01
47;29.52
18;21.61
20;24.64
60;19.7
78;25.31
26;24.22
62;29.55
18;24.01
13;19.64
54;26.54
31;19.29
33;25.55
25;22.77
71;25.17
51;24.98
24;21.45
38;26.65
24;25.87
23;24.24
57;25.1
53;29.68
23;29.23
11;27.57
20;26.08
18;27.42
71;20.04
20;23.52
66;25.11
51;24.45
34;27.88
75;25.88
68;22.16
67;21.84
58;23.58
35;23.74
80;29.67
55;27.89
71;18.91
27;26.78
11;19.54
24;29.96
48;27.08
9;29.89
57;20.8
36;19.11
77;27.25
35;23.2
28;20.49
18;26.98
76;20.63
45;24.1
48;18.94
8;29.74
67;21.74
49;29.66
11;22.24
70;21.76
57;28.72
72;26.97
31;19.51
77;20.18
15;25.13
10;22.42
17;25.64
21;27.14
79;21.1
43;18.8
78;22.49
58;24.52
17;29.98
32;29.34
17;23.67
9;19.23
73;26.11
43;20.64
40;24.27
59;20.1
13;29.89
51;19.39
22;21.04
79;27.45
13;23.58
12;22.56
64;24.0
16;23.5
77;25.09
13;27.15
69;27.15
76;21.02
13;22.55
74;28.71
70;21.39
40;22.44
10;25.72
58;24.13
25;27.09
63;19.79
67;24.66
60;20.3
30;18.82
29;27.6
40;18.81
44;29.74
70;19.01
35;26.05
17;21.6
27;19.9
11;29.39
72;28.89
71;22.73
73;18.93
31;20.89
30;28.56
73;25.76
18;19.43
65;23.96
31;19.91
31;20.06
14;25.85
30;26.13
33;23.08
16;29.76
66;27.81
58;18.76
23;21.59
56;19.52
32;19.83
36;23.07
29;22.34
33;24.51
46;25.02
55;25.0
24;22.2
16;29.41
8;21.65
54;21.04
55;21.9
68;21.18
17;22.91
24;24.72
73;26.18
58;24.08
34;28.44
64;20.26
66;25.14
50;25.07
23;29.41
25;21.85
38;25.87
70;27.9
80;18.7
16;26.05
33;29.13
28;18.57
27;28.29
24;28.27
44;19.56
64;22.46
24;23.4
51;24.75
61;24.53
48;20.25
18;22.52
32;24.75
66;20.54
68;28.25
62;23.82
55;26.18
56;22.43
55;18.9
34;24.56
72;25.48
19;26.19
61;28.31
28;26.06
69;23.65
44;25.6
79;27.39
80;19.7
32;20.07
39;27.53
12;20.48
80;28.78
51;20.92
53;24.42
13;21.47
60;21.83
16;23.43
72;25.82
65;27.62
33;29.97
27;22.31
30;26.68
65;27.0
80;28.22
53;22.2
44;27.37
43;21.17
13;24.67
78;25.95
53;27.39
61;22.54
41;22.43
25;21.77
57;28.89
58;28.52
37;26.1
18;19.88
14;19.85
71;29.53
79;29.28
39;25.23
65;22.11
45;23.94
31;26.47
28;29.96
47;19.66
55;21.46
70;24.39
34;28.98
21;29.28
31;22.29
23;25.43
31;21.71
28;23.37
74;25.06
17;21.19
13;23.85
76;25.43
43;21.43
52;19.31
33;24.0
38;25.9
69;19.48
11;28.78
21;28.26
36;24.96
38;20.36
16;26.86
51;18.51
64;20.63
80;21.29
33;24.37
38;20.47
9;29.8
69;25.71
13;21.24
35;20.83
16;21.77
21;21.55
50;26.85
17;21.03
35;22.24
23;18.6
37;27.84
34;21.86
8;25.52
38;28.46
15;20.36
72;26.8
57;28.24
51;29.99
64;29.12
72;18.84
11;22.14
8;27.64
32;26.28
49;19.56
69;27.7
62;29.73
28;20.55
71;29.49
54;23.94
61;25.33
73;22.19
56;19.79
64;26.94
25;20.08
63;20.82
71;23.29
34;18.63
8;19.4
31;24.15
70;25.72
44;29.86
51;26.85
43;22.54
64;25.2
62;25.89
21;22.14
9;19.69
17;24.21
15;27.93
19;24.79
77;28.92
29;21.39
65;29.47
76;27.39
37;20.55
79;22.0
15;26.33
61;23.04
14;28.51
17;29.44
55;26.71
17;27.79
79;29.4
58;24.25
43;29.55
15;25.91
73;22.61
79;26.26
79;26.25
69;29.89
70;28.68
28;23.93
27;25.66
54;26.97
43;23.46
63;25.26
38;28.81
21;21.21
70;19.59
73;25.34
42;28.44
44;29.0
46;28.89
34;24.96
80;22.06
35;25.43
22;25.59
52;22.85
43;19.13
12;27.74
69;25.5
16;25.21
27;23.89
23;27.64
21;24.69
22;20.93
80;22.06
36;20.86
57;22.67
60;19.33
34;19.65
39;28.69
31;18.69
41;24.62
69;21.91
67;24.69
64;27.66
50;22.16
32;20.18
36;23.52
79;29.86
40;22.05
22;27.9
27;24.99
60;22.95
49;21.19
12;21.15
57;19.61
37;18.76
46;22.13
16;26.42
11;28.98
24;28.53
20;27.32
42;18.71
65;28.17
17;24.21
33;27.05
10;20.14
45;21.48
32;22.12
50;23.82
32;23.98
63;28.98
45;27.62
46;25.17
17;24.07
54;27.78
42;21.33
56;29.82
66;22.61
69;21.47
78;22.63
59;26.54
58;28.27
25;22.5
23;27.03
80;20.38
76;22.55
42;27.65
40;28.82
65;26.83
20;24.93
23;21.13
37;23.1
11;29.71
21;28.52
50;21.03
48;27.01
35;26.94
71;26.98
38;25.23
74;23.3
40;18.77
17;20.02
61;23.42
12;27.16
13;26.32
60;22.84
70;19.48
79;22.69
19;29.39
17;25.82
11;21.71
34;29.49
40;18.88
13;23.82
55;26.83
77;26.11
77;28.91
24;20.34
75;18.58
50;28.21
66;26.96
79;23.8
65;29.37
46;23.77
43;19.39
63;19.06
67;24.17
29;25.85
56;26.03
75;20.54
11;29.71
20;27.12
59;24.02
47;22.88
66;21.92
80;24.06
50;26.92
11;29.37
15;24.33
68;21.84
59;27.68
8;23.03
72;24.18
28;25.16
38;28.94
21;19.37
63;19.49
16;26.18
18;27.3
26;26.85
12;18.56
74;22.29
32;22.54
31;20.68
27;26.58
59;28.09
11;25.22
10;24.11
67;23.52
36;28.2
18;20.87
39;24.77
38;29.0
39;24.04
48;26.12
51;26.59
38;27.92
36;26.74
17;22.41
16;27.67
64;29.67
67;28.69
40;19.59
73;22.81
76;22.94
73;19.31
42;25.77
36;27.83
8;23.37
62;29.38
12;28.89
50;28.1
29;18.89
15;29.67
54;24.65
50;19.53
46;24.18
12;22.17
69;23.44
14;28.5
75;18.77
28;21.23
63;23.48
10;28.15
26;20.19
40;25.18
65;18.54
74;20.2
46;23.84
48;20.77
10;21.11
76;29.82
66;19.78
26;25.49
74;27.09
42;25.78
38;29.53
57;20.38
46;28.41
70;29.05
79;27.37
43;27.9
56;21.2
38;21.91
50;27.63
74;20.59
68;18.86
73;29.06
20;22.57
66;25.21
9;19.37
51;18.75
15;26.19
26;21.77
51;25.35
29;20.1
34;28.06
76;18.98
44;25.22
18;22.36
42;29.68
12;22.17
63;26.64
65;24.48
9;28.56
73;18.59
59;19.21
54;26.85
33;24.64
33;26.64
51;22.87
39;21.25
62;24.8
71;22.14
71;21.49
64;22.71
56;26.83
60;22.86
21;20.34
43;23.02
66;28.23
38;28.29
53;27.36
46;19.81
67;29.51
8;26.13
30;26.16
76;26.3
56;25.28
45;19.11
67;28.49
33;23.07
56;26.09
64;18.65
22;20.5
38;29.69
54;21.29
59;22.59
59;19.59
46;26.85
44;20.45
40;22.51
50;26.79
41;26.06
26;28.61
28;26.07
80;22.72
69;24.23
61;22.67
43;27.12
56;27.9
15;29.87
76;24.39
29;26.33
28;22.76
25;19.74
19;29.18
18;21.82
68;25.18
9;27.74
49;28.03
58;29.49
70;19.98
25;29.74
18;24.59
29;25.51
43;27.78
71;22.08
63;20.08
15;24.98
18;28.44
54;18.75
46;25.39
36;25.25
76;28.19
63;24.59
73;29.48
78;19.83
35;21.06
36;22.59
26;25.41
79;25.61
26;23.96
58;22.17
11;28.59
13;20.34
47;26.69
42;26.44
44;26.52
27;21.12
29;19.51
51;20.83
26;23.52
28;27.28
79;25.11
8;27.72
53;22.07
77;28.67
10;21.97
37;19.97
51;29.6
9;27.37
60;20.7
80;23.51
20;20.64
22;19.91
16;18.58
17;24.31
55;19.49
44;28.16
32;28.78
79;20.67
65;28.46
42;25.6
47;22.69
10;28.92
57;21.79
62;29.96
74;23.86
61;29.46
69;25.62
60;22.06
32;25.34
40;24.71
72;28.75
8;23.59
16;28.87
65;26.86
36;25.53
59;26.7
36;23.18
9;20.68
26;28.48
30;26.99
66;23.63
38;19.16
18;29.8
42;26.95
60;23.89
68;26.48
42;23.59
27;27.48
33;20.29
79;26.17
62;26.89
57;21.47
71;29.15
68;23.54
10;28.69
70;25.31
38;25.6
71;25.39
43;23.6
43;27.22
65;23.25
78;25.94
33;26.27
75;25.22
56;21.79
22;22.23
22;25.57
49;28.46
27;23.45
36;29.97
72;21.8
67;27.05
42;28.83
8;28.9
24;28.84
8;23.8
70;29.32
65;23.92
9;25.24
44;24.48
70;29.81
22;21.91
26;19.16
12;24.61
56;25.24
70;23.34
29;19.32
76;28.86
41;29.25
45;18.74
31;26.64
41;27.44
29;26.19
51;21.84
19;22.3
14;21.73
58;23.67
25;21.24
35;22.82
64;27.16
72;27.73
37;29.99
43;25.02
41;21.52
24;18.95
65;22.03
24;26.39
68;27.13
58;23.78
32;22.92
8;26.19
51;23.4
11;25.65
62;21.17
50;24.47
32;29.32
26;24.72
55;21.02
56;21.19
39;22.92
68;29.07
36;21.49
19;24.07
18;21.11
36;25.4
51;21.5
22;22.05
50;20.72
42;21.57
21;21.54
52;23.11
64;19.4
17;24.22
50;29.48
47;24.09
32;29.4
29;24.41
42;29.61
27;18.65
27;25.08
79;28.97
66;23.79
8;29.55
14;25.35
52;27.29
72;25.24
12;19.7
73;23.11
64;23.53
71;29.55
63;18.88
76;29.85
31;28.14
23;23.09
68;22.86
39;25.75
73;25.24
43;23.9
8;26.03
27;19.38
68;20.6
74;29.54
38;29.85
26;21.67
66;22.5
60;25.18
27;28.84
57;18.83
15;28.9
49;19.58
29;19.76
25;21.46
79;21.47
59;22.29
18;21.0
78;20.03
48;26.16
24;23.82
44;25.83
70;21.93
77;25.99
75;25.55
52;28.34
12;27.4
77;28.91
9;27.17
14;27.68
65;23.88
34;29.48
58;21.41
11;20.34
27;20.17
69;23.97
54;21.05
67;28.57
57;22.03
55;21.96
64;29.78
76;28.77
44;20.84
40;21.22
37;27.68
30;18.5
80;25.39
66;26.81
32;29.56
50;25.68
79;21.73
32;26.38
20;23.6
69;26.64
36;20.31
46;27.24
59;27.57
40;18.89
17;20.63
63;22.08
36;26.94
34;25.29
19;22.82
34;28.68
31;29.72
50;19.99
78;19.79
42;24.51
24;24.77
27;21.14
59;20.39
77;20.0
38;23.77
41;26.93
62;19.25
46;19.92
40;27.61
43;25.9
8;27.47
16;22.56
80;21.32
37;18.71
72;27.29
18;29.17
79;18.76
54;22.26
51;28.34
22;26.01
27;26.08
65;23.01
28;20.1
16;19.61
20;28.06
8;24.34
35;20.49
59;27.94
50;22.05
11;18.73
17;20.95
21;21.04
79;21.88
67;21.69
52;26.76
22;29.53
8;18.56
58;24.31
44;26.89
65;18.71
48;29.16
72;18.95
42;18.86
31;19.93
80;23.7
40;22.77
27;18.92
20;21.87
34;19.38
29;23.92
11;27.91
11;24.29
43;28.52
20;22.65
17;25.13
54;29.64
42;24.42
48;26.42
29;21.86
43;28.51
25;29.32
77;24.07
18;29.15
10;22.54
32;28.45
27;24.32
59;23.92
80;25.34
69;29.49
40;25.21
47;18.7
33;27.36
43;22.09
73;22.49
20;21.72
10;29.88
54;26.74
15;22.56
76;20.28
39;21.0
12;22.66
77;21.76
75;21.18
60;21.2
53;24.81
49;18.96
25;23.09
54;27.17
12;26.12
55;20.27
32;22.2
27;29.08
48;24.5
68;29.17
32;24.74
23;24.02
48;28.15
30;21.08
37;29.26
66;20.48
61;29.34
44;28.99
41;24.83
34;22.55
36;22.2
61;20.09
78;29.75
18;18.79
75;21.8
32;29.71
21;19.68
62;26.18
41;25.49
58;24.7
10;25.57
68;20.84
20;19.64
33;21.9
78;21.5
24;23.18
77;27.83
21;26.96
73;24.06
15;25.6
59;22.16
59;21.16
29;24.81
68;22.18
55;29.76
38;29.13
18;28.25
65;23.04
65;18.82
59;18.66
76;27.88
49;19.23
60;29.71
74;23.16
40;22.24
80;18.99
31;19.55
29;23.12
75;21.13
78;22.38
16;24.07
21;28.4
30;25.94
75;21.07
59;27.59
74;26.29
76;29.85
58;27.01
61;20.83
61;23.29
70;25.2
41;29.86
10;21.04
66;23.55
21;27.35
22;19.01
19;20.94
51;23.67
46;29.06
52;21.59
56;21.59
76;20.88
